1893
1820
6568
 993
4766
1440
1121
5885
1352
4936
4947
4612
1426
 244
 811
1077
4237
6378
5304
2141
5684
4594
4553
2655
3591
1880
 728
4073
5896
6848
2603
5367
1854
3549
2648
 131
3273
 914
6531
3024
5442
2125
5196
2850
3299
4804
 739
  40
2110
5402
5032
4485
5503
  73
1819
2964
1136
1465
5397
5063
6659
6375
2053
5752
 901
6939
6518
2455
1474
2695
2890
4212
3268
5773
6100
 142
 338
5211
1335
 483
6252
4497
5785
 450
 732
5750
3349
4295
2080
3874
4549
5887
1689
2706
2618
4776
1807
4609
6535
3464
2473
2793
 793
1362
2600
4186
 765
6027
4069
4614
1599
 734
6937
4160
  19
4847
4733
3905
 766
 992
4591
6679
4412
5711
5957
2062
1699
4645
3804
 214
 307
 578
2334
4096
6566
1245
5097
2317
6810
5959
5400
6656
4123
1375
5833
2091
4649
4822
6795
4271
6733
1038
2433
6632
1259
 497
5083
1132
 199
6112
2919
3966
3131
5423
4845
 618
2721
 552
2750
1801
5190
6166
5760
  72
6619
5971
2570
4654
2198
6779
 320
6014
1673
6774
3586
2428
5273
5165
1709
2859
2691
2244
3567
1644
1247
1452
2393
3474
3394
5132
 973
4459
5318
6780
5178
3444
4920
3902
1706
1824
3515
4758
5015
2029
1504
2478
2460
5936
3707
 652
1602
1685
 201
1152
  46
  55
2790
6599
2827
6698
6385
4533
6859
1130
2086
 323
6796
3565
3127
4577
4532
6591
5561
1031
4050
2732
2513
6613
1837
2106
5352
5031
4523
5629
1530
4746
6038
 641
4346
5985
1952
 622
1037
 752
6398
1146
1266
5490
5513
2727
4382
4013
1560
6673
6034
  32
3107
  48
  49
6133
3036
5662
4039
5636
2152
1963
1598
5168
4711
 216
 163
4732
3156
 705
1471
 280
 108
 139
3845
2309
3033
1613
 706
6187
4059
6403
1226
2987
4686
4531
3594
6099
1985
2002
1953
3789
5088
2664
6257
 804
4204
3099
5043
4895
6108
2931
4245
5738
3484
5873
1738
5235
2722
5919
3825
3008
1724
3946
 399
3579
5924
5056
2612
1007
3693
1649
 259
4064
4008
4585
4225
4759
3183
3942
 294
4280
1705
4127
 551
5075
2860
2703
3528
3337
3846
4325
3422
2611
2403
4830
6526
 677
5827
3064
 494
2769
2394
3035
3649
4986
3158
1006
5527
2733
1642
 977
1415
2452
2887
5288
 190
 598
6280
2142
1567
4211
6394
5587
 439
1875
 225
4311
6150
1836
6308
2088
 409
1580
3175
6909
2111
5841
6471
6892
 500
1900
3416
6510
2054
2093
3162
4685
4941
3741
3617
5507
3605
4575
1364
 556
2302
4687
3775
4023
1622
6762
2843
1212
3796
5739
5313
1371
2667
5619
3265
 437
 469
6799
2012
3253
6233
5207
3195
1746
2061
 616
6392
3405
4909
3451
2022
4560
4326
 649
1990
 408
  88
6798
2266
2411
3606
3300
5921
1011
6751
3765
5505
5238
3236
6729
1964
 179
2565
1183
4880
4922
3608
5482
6735
6479
6456
2009
2508
1662
 305
5444
1067
2296
2303
2392
5593
4963
5224
4445
1193
4373
4751
1694
3361
5242
2464
4392
4102
 498
4900
6503
6087
2019
 777
6784
3827
 506
1129
 410
4579
2753
2907
4555
6597
2951
 778
2512
3841
5414
5811
4736
3822
2102
3377
 911
6589
6862
3749
4232
1494
3935
5791
3346
4798
2583
3407
1153
3286
 187
2479
3354
4345
3665
5285
4414
3980
3963
4422
2432
4727
1582
6708
3469
3882
1658
3746
2319
6626
6538
5271
 751
2953
1124
 314
5215
1821
5156
4352
1289
3513
 302
2164
3307
 958
 318
1373
4574
1992
4022
2216
 574
 122
2858
2917
2920
3862
 115
1812
 893
1505
5705
6792
5863
3314
4093
3598
 785
6041
1328
5278
6672
1039
1276
5066
3857
5448
 329
4877
6571
4627
1562
2181
2785
2260
5598
5618
5817
3852
4369
3165
3141
4387
6000
6484
4092
3450
1666
2459
3069
5307
6763
3626
5667
2998
3504
 319
2880
6338
4602
 206
 400
1995
5605
5782
2206
 191
5456
5405
6765
3711
4011
2666
3784
3409
3003
6291
4310
6254
 674
2037
3492
5829
 610
6624
3812
3475
2937
2819
5529
 507
2493
3066
1327
6126
4230
6758
6670
3034
5284
6009
1545
1732
5934
6809
5422
1827
 270
5969
3382
2587
2938
4959
4130
  83
3077
 312
6638
4226
  67
3523
6778
2107
6021
6855
  90
2273
4027
4548
1708
5160
4666
4816
4341
1421
5261
4513
2505
5335
3239
1438
3456
 985
6180
4734
 328
2862
2132
5430
3847
1646
6916
6642
2076
3929
2104
3619
1638
4456
4450
1853
1078
 239
1489
6368
5660
4656
5987
2042
2065
1663
2518
5657
4472
4794
6206
1485
3210
 412
6191
6736
3000
 786
3499
3224
4213
5451
5945
5158
2477
4168
1507
 520
2867
4461
6611
4470
5044
3954
 504
5122
 381
2993
4493
5727
2599
1829
5925
1740
 860
5986
 656
3237
6880
5980
4864
4147
 160
1926
2659
1917
5781
1085
6817
5517
1001
5702
 247
5737
 226
2223
3704
5374
 204
 657
5244
 588
 124
4034
5147
2902
6443
4114
6968
1084
3274
5877
2131
5276
5070
2774
3134
 536
4233
2578
1225
 182
5325
3747
6277
 718
4872
5666
4530
4029
5180
6515
5534
4284
6555
4014
 748
1380
2719
1313
5942
1983
4431
4597
1785
2903
4608
5337
6942
1631
4305
1151
2188
4016
 485
2060
3341
 143
6882
 731
6933
3778
 113
4638
6024
4511
 223
 853
 953
4108
2743
5145
1100
1071
2939
2252
5342
2310
4276
4499
3883
1966
4174
6548
1243
1441
 963
3133
2017
 835
4398
3524
6979
 928
6706
6157
  29
3041
6167
 848
 367
5832
6321
5381
 621
5146
6831
 495
2527
 171
2024
6245
6065
4765
1791
 238
5944
1609
6184
2507
4353
5443
1779
6033
2654
4433
4261
1252
3411
3961
1445
5005
5903
6142
4971
1718
3371
3328
2384
1860
1910
3870
4207
1125
6176
2621
6496
2498
1698
6354
5540
1547
 430
2549
5351
1806
1713
2130
5524
 297
2264
6628
5560
4784
5209
6883
1109
4712
 889
1141
3094
1516
4376
 155
3974
5606
5724
5963
1681
4333
6160
2981
3146
 401
2553
5134
6684
3088
2757
2059
6682
4395
3722
4631
4954
3552
1235
3403
2408
5634
 898
1030
2307
6777
2519
5383
1111
2884
6877
1453
3645
3541
6086
4241
5931
4239
6209
5610
3534
3919
6379
3578
4997
2838
5723
6753
 797
3191
3473
1461
5404
1202
2430
 623
2501
3838
3821
6521
 449
6621
 792
2591
 489
1199
4354
1675
4641
2040
5603
6138
3368
6240
1540
4477
2835
5770
3532
5496
 252
4999
6938
5420
2632
2647
6852
  34
4197
5493
5296
4081
5458
6154
1546
5203
4787
3453
1891
6675
5893
3593
  97
6269
2247
2544
1220
 957
2634
5183
4185
 180
5362
4675
3635
5502
1799
2084
  70
1013
3910
2014
3404
2936
 480
5556
3566
4772
5003
  14
3168
2783
6718
6649
2073
1575
5915
4987
5256
2401
2579
1403
6841
6029
6819
 754
4112
3012
3302
2582
6545
2421
2876
6633
2182
3898
 987
1931
3887
2276
1755
2448
5722
6374
3292
1041
5539
 230
 624
1079
6961
6066
2627
3876
4780
3776
3417
4065
 932
6460
5916
3113
2261
6516
3600
3623
6864
2471
4090
2830
2081
6650
3968
2315
5862
5082
1022
5218
1178
6771
2892
2665
6165
3353
 820
 116
5901
4583
3032
5955
3098
6017
5167
2610
6098
2287
4797
2883
4743
1215
  58
4812
3173
2795
2954
2878
4409
1142
2635
1405
1769
6783
5839
 523
3713
2214
3154
4896
 802
2134
5053
1346
 840
3803
2820
6834
6879
3381
5048
2469
5654
6505
1668
4689
6800
5570
6143
3494
3786
4253
5366
5685
6588
4133
 847
 415
1949
5741
2744
4075
 544
5691
5287
4469
6384
6109
1843
4603
4407
5548
2120
2742
1117
3111
1929
4923
 838
5913
1413
1396
6141
1882
 680
 293
3867
4342
3447
 850
 133
4557
6978
1925
4257
5133
2975
5568
2778
 730
2651
2696
3401
5080
2257
1621
2619
3015
3986
 350
4171
  20
2372
6699
3226
2948
 653
6015
3659
2127
3204
6437
3690
5057
5516
6980
6525
5320
6943
4315
6489
 822
3802
3721
 738
6334
4141
4132
 969
6440
1861
5260
2077
5988
6267
2414
6195
2472
4258
2976
3637
5743
4903
1133
1061
3228
3420
2529
 606
5078
5289
2511
 888
2087
 681
4929
5195
4350
1103
1163
2293
1422
5849
6506
 269
2960
4318
2737
5364
 558
3861
2741
2932
1355
6197
1176
3794
 407
5004
5384
2465
 137
 541
4203
4915
6285
6042
2857
 550
 845
2116
 691
 701
6234
5964
 326
4287
2983
1664
2704
4210
5777
4537
2888
3193
1783
2413
6083
3132
2815
3724
5181
 587
 756
6546
2265
3449
2195
4738
6162
6560
5257
4802
6345
6293
1938
1950
3798
1683
5433
4032
4615
6358
 185
6966
 528
6105
1543
 952
 779
3305
  50
5447
 248
1556
 910
6483
6639
1292
1026
 130
4833
1975
2187
2025
4443
5860
1795
2947
3801
 637
 707
5305
5346
5882
3129
2423
5090
1358
5450
2418
2350
1915
3333
2128
 444
5981
 729
1300
1752
6061
6218
1472
3468
4874
4744
 870
1437
3527
3060
 441
2905
6190
5663
6550
2705
5982
4181
2236
 356
5339
3984
1319
 560
5316
2185
6696
3369
5194
3215
5096
3807
2400
3897
6149
2607
5259
3359
3427
5579
3225
3108
1933
 771
6719
  56
4165
3762
5157
3981
4163
 532
6213
4632
3999
 640
3304
2971
1454
1564
1029
4650
2521
2175
6563
1308
1230
5062
5892
3240
3264
2516
3402
1986
6723
6652
5597
4703
 868
4918
4419
3854
3604
4265
6144
4500
1402
2994
2481
5876
 575
2026
5883
5483
5476
5333
3603
3819
2484
5745
5762
6297
2670
2380
3089
5948
5740
3309
4249
1496
 921
6582
2167
4625
4047
1175
 502
5531
2391
2160
3639
 665
2168
6393
 315
 831
 262
5155
2165
2942
3487
1596
1594
6870
4881
4721
4729
 330
5532
6012
6687
2652
6250
3245
 599
2353
5116
2566
3322
3163
 767
1697
2885
4100
2910
2325
2926
 161
 462
 501
 436
1210
1479
 595
6454
4698
1490
4960
1283
2724
2581
3357
5670
1887
6174
5994
 714
6596
5767
4601
3334
1025
6536
4430
5761
  15
3810
2868
 219
5881
4159
1484
2445
5398
5518
5286
2503
4789
4137
2564
1401
3793
1889
6414
1329
1161
1979
6073
 948
1377
5102
1341
 582
4547
1770
 138
6039
1090
5277
 930
1539
5068
6350
1892
3756
 359
6399
2308
4117
4803
4306
 895
6329
3692
6872
5571
5411
6908
5708
4455
1475
6325
5017
5139
3221
5169
4747
3277
4428
2924
 988
5872
4961
2751
2098
4921
2717
2723
2422
 209
2555
5824
4990
1729
5573
5783
6561
6818
4139
 213
5970
2595
6635
1250
2050
1974
3443
5480
3479
3028
4522
2398
3735
6181
3164
5772
3991
3206
 716
4049
4694
6867
 710
 299
2728
2196
6928
2739
1491
6103
3597
  35
1347
1648
3408
4126
3363
5728
4587
4134
5983
6955
 745
3467
2072
5763
6057
1480
3271
2546
5624
4781
5661
5910
4033
3029
3491
4817
6595
4836
4514
2606
2796
5051
1878
3413
1568
1391
3687
4791
 568
 231
2698
3083
3461
6030
2079
1857
1513
6448
6924
 284
5960
2775
2215
5810
1533
2915
 132
4507
3880
2035
3843
3832
6838
4458
2326
2760
6299
3037
6328
3311
5886
1739
2226
1830
5774
3993
5338
6137
1677
 126
3057
4588
1771
2946
3767
1095
4889
1669
2509
 158
 476
5428
5258
5779
3869
4332
4438
4693
6113
 258
 276
3269
3972
2825
4580
4906
 843
  68
4060
 452
 208
3772
5800
 183
 571
1417
4479
5179
3939
1793
5353
6925
2148
2082
  24
3428
6618
5229
3865
2207
6865
 852
6757
5845
2409
5220
 933
4988
5655
 813
5074
1307
1951
3667
 615
2590
5926
3773
3596
3387
3694
4841
1955
 968
2716
4753
1350
1841
5757
 313
5036
 236
2673
6407
6281
3125
3054
5216
1722
4359
4940
2694
4651
4327
2184
5975
3791
3022
6934
5274
3982
5380
1439
2345
5633
6248
5425
5927
6314
3671
 764
5937
4897
3975
1370
3055
6480
6917
6319
5163
3840
6199
6127
2814
5673
4905
6590
1483
 713
5798
2288
6366
 741
5803
 821
5303
5171
5835
5846
2997
1749
6238
5359
3958
3372
5755
1301
5161
5375
5897
 722
2365
5361
4366
 954
3709
5813
1094
5186
3439
5421
  85
6905
5151
2918
5765
2597
3009
3951
5933
6457
1846
1813
4222
1956
2312
1091
5124
 517
6486
3445
  74
6952
5370
4303
 947
4252
2679
3933
6347
6878
1930
6530
1984
6683
2340
6671
  75
5332
4622
6120
4902
4399
1561
5016
2959
5100
5175
3209
5049
3828
4878
 884
 960
6654
 922
3301
1682
1531
4648
2780
2552
3670
3335
1944
4266
5939
4935
6216
4202
2642
2305
4876
1680
  98
3252
5112
6450
1652
5930
1897
3348
4491
1865
 534
 683
5294
1314
3792
3651
2200
6541
3319
1204
1615
3669
1776
1404
1957
 796
 880
2179
6756
2934
6787
2306
6069
 962
1632
4290
3488
4234
3908
3582
1138
6554
5407
1232
6072
6811
2101
2896
1368
5614
1478
2874
1679
2900
4739
1253
 885
 340
 940
5825
3977
2171
 332
4659
 242
6984
 577
2270
4396
6854
4731
4030
6543
6225
1726
 976
6527
2656
2282
5998
3531
4441
1113
2382
1500
1601
2388
   9
4526
1859
4481
4214
5943
5996
4268
4019
2836
2096
5379
 383
1566
3612
4299
2015
  25
1825
2299
4943
1446
2502
5620
 109
4912
5564
5968
1287
 781
2424
5478
5089
6360
6861
3680
1686
4227
5951
4910
6151
1626
4517
6196
6361
 403
4826
1977
5246
3280
 855
5822
1772
 744
2633
 834
2377
4546
3283
1156
6901
5999
4107
6791
4085
5793
1353
6886
4955
1535
4584
5735
2338
6478
4788
1782
 810
4621
  91
2154
4835
2711
2909
 227
5675
2329
 950
6797
3389
4215
2339
4487
6401
1965
1636
2692
3104
6495
5679
5576
3142
6089
4956
4498
2777
6711
1973
4224
1637
5557
4856
1166
5234
3049
4777
2528
5299
2474
1588
4471
1323
 726
1182
1667
6807
2944
1822
2143
 600
5623
6956
 189
1261
2425
 111
  22
4394
  80
2776
2075
5551
1200
 791
1991
 770
  27
3040
5853
4079
1195
5823
3262
2740
4195
5023
1867
6193
1219
 647
3109
5401
3441
3278
 543
3686
 229
5013
6767
5076
4692
4467
6846
 170
2643
3734
1864
5136
1173
4521
4378
 265
2006
4934
 851
4143
6581
4851
2861
 484
1523
2324
4707
6941
2805
 862
 352
4048
6429
  96
6405
 463
4669
4933
5113
3071
4292
4452
2068
6159
1565
5340
4089
6947
6755
1055
5617
 119
4839
1264
2803
2754
6408
4324
3530
4474
5312
4866
4285
2789
5024
6124
2069
 287
3476
 995
4005
 803
1619
4966
6466
3248
1753
5622
3761
2562
3172
3924
3455
3279
3809
3889
5880
  53
1660
3218
3646
 858
5701
3385
2542
3126
5231
4745
6930
4807
2747
1834
 644
 440
2763
3985
4116
3820
3994
1075
 470
5621
4968
2041
2039
3970
2275
6534
5408
 856
4282
5627
 829
3731
3220
 162
4038
5028
6369
 174
6037
1032
1459
1027
5386
4397
4740
5920
6866
3364
4484
 671
1049
3501
 723
2965
4383
 364
4524
 166
 194
6342
1971
3485
6695
4911
 531
3496
 967
4806
2911
 663
5966
 529
6705
6888
5322
 924
3684
2234
6111
3866
 537
1116
3233
5894
6770
5796
5759
 783
6371
5558
4884
2352
1107
3987
5836
3621
2449
 267
3948
3282
6273
1036
3235
6341
1695
6697
3004
5875
  77
4769
 167
1548
4015
3601
3969
5475
2684
6214
1406
3001
2822
6661
6974
6840
1714
  63
1884
5721
4457
2514
 482
 512
3454
3330
6268
1918
 648
1816
2605
2332
3169
2992
6337
5403
1525
 633
4413
 181
6926
 570
1196
1720
4503
5808
1425
2438
1047
 842
5255
5455
5356
1181
6409
2681
3779
1980
5314
3944
2420
2183
 625
3308
4538
3716
3181
4084
6388
4372
5226
2450
4616
 427
1756
3115
1297
2285
6722
3243
2708
1042
6575
4857
1650
4757
2580
5418
4020
3198
3325
6700
1707
4913
4466
 253
 144
 608
5874
 983
 686
 561
2328
 620
6463
 672
5712
2289
6720
1015
5283
3860
2586
5567
5027
2221
1578
6914
 604
1325
6504
1385
6153
3620
 431
4950
6412
6823
4442
4040
1101
4263
4156
1665
2227
2831
3440
3859
4385
5559
 256
4260
6132
4855
   7
6804
 245
 746
5199
2290
2829
4665
1257
3940
 458
1717
1833
 454
 869
5582
3355
2898
5575
1263
 720
4135
2159
1585
4281
3672
 761
6074
3392
2675
5343
6110
5949
2046
6265
6514
3130
5008
1462
3298
 787
3868
2530
3850
 466
6772
3177
6204
1412
 205
3203
3480
5042
4231
  38
4629
1189
4229
5357
5923
6464
2451
 883
2661
4991
  87
5230
3585
6578
 619
5040
4970
4200
6396
 634
6035
 464
4361
4468
5105
1433
3323
 344
5395
3288
5324
6279
1431
 455
3777
1357
4319
6036
6775
6895
5651
1633
5123
3247
3676
6336
2715
4121
 419
2294
2927
1366
4119
4944
1177
1524
 662
5751
5128
   6
5537
3390
2982
1295
4914
1492
2755
3695
4356
2978
1810
5904
5669
 642
4336
6071
3217
 863
6491
5917
2683
3559
3744
2314
5321
4773
2962
3481
5613
4220
5213
6434
4101
2446
6352
5902
2032
3678
 325
5940
5272
1098
1723
5424
4024
3002
2863
6921
  99
6062
3412
1869
5445
4384
6048
 353
  81
2366
6617
3315
2966
6134
4025
6839
5365
1008
5686
5868
4992
5295
5716
5806
1557
2713
5683
2431
6776
 696
6806
3500
3546
3989
 404
6439
6899
1262
2322
1428
6231
4792
4453
5440
1590
5508
3732
2066
2952
5491
5360
4062
6511
6820
6474
  39
 392
2738
2256
5533
3904
 460
6461
5954
4742
2209
5726
5562
 249
1988
  76
5600
4490
 377
4556
1288
2004
4164
1934
2291
6445
 773
 168
3712
5844
  33
 420
1274
5804
 292
 583
5270
 389
1903
3072
4939
 935
 758
4756
 990
1337
5995
3915
2342
6970
4708
3053
 266
5907
 939
2856
1268
6148
1604
2151
3848
4158
6782
6255
 382
2629
 569
6428
1278
5054
 763
3396
4821
1108
5709
6266
6270
6630
4301
4582
2958
2491
5961
4151
 375
2359
4882
5300
 176
4561
4309
1945
6551
3430
5993
1948
5326
4774
6081
1922
1333
 547
  11
6272
6276
5331
 117
1967
4421
 317
5616
2038
5802
6294
 416
2021
6759
6748
2922
2940
2336
4340
 865
1754
3856
6386
3270
5228
5373
 833
6577
 286
4684
2882
5463
6156
1520
1639
2253
 982
3275
3625
1260
5566
3360
 542
3395
6475
2381
5201
3090
4980
 628
3211
2873
 695
2357
2943
2515
3960
6960
5249
1517
4026
4218
2935
 867
6421
4351
4907
1420
4996
6737
1896
3093
6243
4562
2569
6522
4754
5821
2003
4916
3352
3607
3238
3231
6136
1423
6239
6625
5747
 445
5514
3806
2301
 260
2119
6688
5462
2070
3733
2853
1982
3151
3657
4715
4236
4578
6903
3655
4006
5890
4058
4683
1572
1671
5427
1191
 815
3267
3525
 925
3477
3179
3872
2602
4035
3244
 298
 742
2487
 916
1733
4446
2756
5460
3529
5298
 210
 104
6101
1579
1554
4873
 278
1280
5547
3609
2996
1989
2121
1998
2522
5523
1828
6701
3648
1736
6020
1734
 121
3289
2383
5725
 398
 667
3748
3326
3633
1214
2593
 757
2614
1361
6380
4420
 961
 316
4862
3782
4854
1229
5033
2374
1883
1514
2979
6271
 733
6616
2613
3642
1309
6320
4850
3572
  60
5115
5967
2137
6927
1332
6241
 743
 873
5866
1054
 876
3166
5144
5419
2095
3906
 296
3197
4646
4680
 136
3214
6467
 896
2153
6646
6802
1343
 818
3627
4688
  71
3149
2685
2001
 525
1872
4488
6579
3660
6135
1065
3533
5992
4887
3276
6549
3631
1168
3959
4140
5232
3176
5799
6528
5125
4948
3329
1392
2390
 195
1320
 283
4749
6473
4844
 824
1937
 892
3010
2349
5311
1188
1009
 290
 579
 591
1850
6553
1651
5471
 105
3070
3998
6520
6754
2229
 217
1595
4600
2461
3750
5744
5159
4125
4697
1527
4672
6425
2622
4653
1410
 397
5511
5586
 169
4892
3853
4713
 605
5526
1958
1620
6444
2804
6945
1616
1387
2826
2333
2933
1363
6469
5426
6226
2500
1656
 146
1190
2852
6217
4483
3710
6310
3045
6227
1970
1291
4254
5642
5864
6088
3227
 971
2840
1112
3448
3019
3291
  95
3688
5126
3017
2094
 310
5241
4388
1201
6229
2063
1840
4321
4945
2224
1832
6559
3339
5928
1768
2551
6305
2311
4506
1692
 631
6433
3042
2109
 147
4626
4998
5535
6875
4886
3062
3666
2118
2271
2533
5084
2048
6724
2211
3202
1481
2280
5830
1349
5034
 271
2585
 505
2824
 879
2456
2779
6406
 814
1324
6573
 334
3466
 709
3907
 519
4800
5467
5697
6092
3634
3082
3370
2399
3760
6634
4828
4196
2376
5591
 854
 339
3219
4972
4967
3742
 646
3851
3105
4520
1155
5060
2027
2078
2504
3084
3398
6261
1610
6451
1790
2941
1024
4904
5850
 212
1463
1435
5173
6781
6845
4932
 198
3257
3774
1069
1773
4502
 263
1908
5202
4671
 580
6547
4368
6016
4046
4662
5756
6601
4543
2617
1216
5170
1913
6822
2653
3614
5263
2354
5495
3629
3161
2638
 943
 755
4444
5137
1444
3023
4979
6346
1194
3647
4434
6808
4144
4189
1587
4170
6962
6397
3727
4718
1400
5577
4633
 721
2985
4724
5589
1318
4793
5037
1842
6202
5608
6390
1501
 272
3788
2543
1058
1399
6067
4206
1174
5223
4977
6097
5067
2174
6435
6610
4300
6168
5334
5330
 406
6655
2321
5429
4813
1012
 658
4087
 949
4768
 178
2572
1339
5632
2052
3953
1674
3964
1912
1334
4277
3943
4535
6146
1144
2571
4664
3700
5416
1678
4639
4098
6703
 159
4462
1765
4118
3881
 120
  26
2030
1469
1010
  54
 324
4344
3116
2402
2177
 904
6028
1947
 675
2138
6006
1154
3011
2693
2126
4256
 493
3562
2416
4405
3189
5611
4088
4644
5615
5150
5990
2427
1157
1000
5488
3050
5859
5254
 268
4274
5857
3260
6913
1503
1597
6001
5659
3755
4103
5487
  42
 597
 211
3047
1745
5240
 923
3486
2573
 975
1654
2592
5583
2834
2594
6645
4690
2596
3344
5599
4129
2486
2697
2524
2893
4565
5329
5006
1197
3673
4270
4670
2370
3338
5815
1408
 366
2112
1172
2212
1960
6432
5129
 859
  45
5848
4149
  44
3170
 261
4593
1551
5237
6060
 788
 516
4569
1081
3365
2222
1653
2023
2331
3258
6274
2007
1282
 984
2047
 394
2628
3638
 573
3118
5344
5327
1424
 915
 668
5020
3650
2051
4131
2792
 703
3956
1716
2190
 927
2540
6164
2136
6954
6300
6128
4028
 790
3391
6052
4294
3424
2363
6843
4465
2213
3272
3599
6232
6641
3758
6662
1414
1258
5191
 974
3374
6018
3516
3297
2205
3900
2680
5595
2396
6070
3644
1553
6832
6494
3489
3074
1128
5555
2457
3962
2773
4427
 218
6893
1140
2240
 782
1035
 243
1571
1589
2320
4564
3507
1114
 418
6106
4476
 805
 426
2283
1224
3073
1143
1558
 905
5906
5565
1060
1378
2378
5081
 386
  79
6096
 423
3831
4509
6732
 177
1758
6824
 762
  10
3457
  57
 789
3685
4162
3212
2468
1014
5499
3577
3317
5012
2872
 912
2437
 602
1443
1486
6223
6064
5693
4495
 690
2601
3249
5376
2064
4337
3624
2055
2262
 753
5899
 918
4297
6564
3340
1208
1242
4091
5801
2875
2663
5391
6826
5498
4989
5754
3858
5698
1087
6959
1605
2197
  21
4153
6019
6793
1495
   5
3470
5652
 886
5435
1760
2734
2729
3957
3595
 443
6296
5626
2439
3663
2701
 188
3928
3661
 965
3400
 447
1612
 433
3936
3434
6402
6693
4567
2735
5649
5162
2470
5268
 809
2300
4969
6306
 749
1233
4760
3092
2036
2117
1909
4899
   4
3027
4053
4451
5393
4930
4272
1311
 685
2278
5208
4067
1126
1255
6572
1056
2045
5290
5152
5267
3080
5341
6185
3388
3205
4642
2752
4837
6205
2268
1851
3497
1468
1518
4647
4843
5594
4235
1241
1835
 391
1167
4424
6175
2866
2626
3797
5536
6169
1549
2556
3514
1466
4045
1139
1978
4003
1360
1053
2710
1899
4178
2105
6192
1808
2559
3313
 596
6330
 197
2145
6487
6950
  66
1762
4717
6825
6316
3930
6420
5645
6058
6904
4242
3128
1365
1914
4558
5387
 557
2344
2848
2636
3429
6668
1777
 817
3679
4494
1236
5188
2731
6829
 576
3949
5826
3410
6508
3615
1712
 135
1340
5069
5193
2813
5729
4448
6785
1939
3153
3433
3894
1871
1630
5099
1744
2367
5639
5922
 772
3310
1877
3435
6326
5185
5431
1847
3187
 429
 522
4985
 555
3842
4623
4432
3241
6189
2928
 572
6117
 689
3877
2406
6849
6602
4402
4840
4554
4004
4704
6353
 694
2558
6441
2467
1187
5449
6583
 563
2100
5879
4425
5092
6222
4592
5867
6923
1936
 432
4320
5786
4037
2497
3890
5072
2489
 358
3575
4953
1397
3743
  17
4668
1876
5355
5045
2248
1498
2914
5831
6692
5979
2536
   3
 590
5837
6681
6502
6043
  12
4328
4349
3038
4842
2630
1943
2925
4169
6436
5672
3123
2447
5814
4184
 934
3818
1635
6815
1969
4809
 564
1886
5653
 890
1972
 175
1198
6835
6249
5250
5446
2534
2186
4001
1221
4380
4832
2172
3826
5055
1940
2108
4938
1927
3026
2158
4475
 304
6459
1959
3373
2178
6949
 473
3576
 235
1356
4238
2057
3351
5396
2263
2969
3087
1023
 651
6501
4296
5658
1072
 363
 877
2149
2161
3696
4552
1522
 704
5500
4755
3522
6078
5406
 234
2671
2358
1997
4811
5973
6025
 257
3293
 172
6430
6183
6972
1254
5469
1904
5200
1890
2267
1844
3380
2839
 632
4827
6155
3255
4831
1623
1996
6731
5164
3849
3725
2494
5026
 638
 368
6256
1999
3110
5262
6283
1222
6290
5117
6686
2828
1788
4304
5671
 509
3290
2977
1529
  82
6049
3025
2435
6982
3185
 991
5717
1074
  16
 562
 816
4867
 951
5101
1003
 134
1303
4187
3682
 800
2203
6801
4188
5647
3730
2972
6592
1759
  51
3106
1647
 193
5638
3632
6499
4701
1804
6102
3689
2156
 717
3180
3769
5394
3879
 220
6637
2904
 301
5631
4613
6063
2930
1570
4928
2189
6411
2889
4598
 702
2999
 806
3152
4251
4661
3923
4161
6556
1052
2193
4620
5281
6728
4726
2124
4172
4660
5842
2921
2242
 371
1040
6147
 567
 354
6395
4681
4679
 387
3616
 461
4571
1576
6045
6876
4478
1048
6094
3563
5474
3075
5956
5058
5486
4199
3675
2286
2955
5086
5965
1389
6907
1104
6574
 459
 277
1715
3167
6540
1119
3683
1550
5687
 380
4595
4180
4859
4106
6869
6130
3079
3437
6011
2801
2682
2539
5114
 222
3320
6766
1617
6532
 465
 395
1690
2537
5641
1563
1093
5572
3814
1326
6125
 929
3223
5479
4182
4070
5000
6833
  86
1134
4778
4604
5095
5436
6452
 518
6951
2176
5205
2245
5187
6647
2269
3701
  84
3992
5855
4545
4790
4262
 682
 215
1552
2067
5719
3462
3674
3967
1868
3213
4411
5991
3911
5962
6816
 897
5221
6606
4846
 535
4418
3834
 448
6301
4243
5484
3061
3295
4702
 585
6246
2791
4652
5506
 491
1369
1515
6260
6644
3324
4043
6178
3715
 586
1034
1231
4885
5172
1394
3654
5758
 979
5546
4893
6664
6721
3813
1244
2490
2616
 533
4183
2360
3148
5206
 589
5512
1559
6918
3864
6636
5212
3934
2912
 200
 477
4808
6381
 487
 687
4525
2043
6367
1180
6940
 798
2837
6567
3938
 417
2864
3729
5079
 784
6335
3512
 607
1160
3229
5204
 584
5001
3503
6309
 365
2031
1470
5369
5310
5953
 913
2725
4072
1066
1643
5265
1780
6023
2056
1544
3708
5104
1747
 956
6219
 708
4973
1145
2202
1493
 874
6594
6263
4379
5077
3916
1171
6830
5358
3723
2916
3201
5932
 684
6082
 348
6383
 603
  41
3976
6426
6201
4957
5816
6665
3367
1775
2797
2748
 333
6465
4540
4403
6615
6627
2968
5692
1802
 750
 425
3046
3745
1092
2426
 255
3613
1321
3658
2147
2624
5914
6389
6292
4415
4542
3406
2346
2327
 839
4795
2443
 636
1502
2674
6734
2389
3419
4436
5889
1873
2440
 103
 379
4316
3922
4834
3636
5127
1106
6264
3978
2658
1629
3020
5140
1051
 327
1316
4264
5792
3459
1932
6747
2720
1849
6910
6007
 341
4618
1509
3155
 891
4716
2033
1270
4176
1409
2535
 780
1351
4931
4259
6900
4288
 673
5091
3250
4009
 553
6738
6258
5477
6509
4190
4705
 472
6242
5119
1430
5858
4460
1005
 129
5554
6932
4348
5766
6026
3482
4762
 861
1045
3117
6095
6740
 635
5704
3837
2371
4496
4682
3536
4663
5950
4267
6969
 322
3728
 679
3103
6685
 899
6355
3590
3452
5059
 650
5706
4335
5510
2851
6915
1798
3643
   8
2812
6357
5778
 337
4279
3781
6857
5064
2463
4217
5368
1286
6163
3519
 554
5644
6303
2807
5410
5108
3983
1448
4136
3321
5714
4473
5466
3076
4628
6658
 240
1331
1086
4289
5807
1735
1607
2576
 759
5371
6981
5149
4634
 903
 699
3230
1464
5753
1218
1655
2923
4219
2243
 678
1063
5432
4386
3640
2568
4248
5509
4699
4223
 442
 232
2225
 335
1021
1118
1577
6376
3914
6356
4735
5680
3790
1702
3312
3892
1542
6605
3222
3555
5301
6704
4240
6863
1354
1186
2348
 740
5073
2008
3350
4357
3296
1534
3988
 776
 986
2961
1696
3542
4785
6442
5434
1942
6710
2097
4317
6492
3997
4925
2842
 643
1477
6977
6056
1532
5372
1473
3102
3498
1907
1227
5022
3085
5389
5520
3140
5677
6973
2318
3266
4706
4322
1787
4576
5141
1721
1330
 357
1920
3234
 775
2897
6050
6289
4017
5306
1004
6663
6079
4377
 698
2845
1395
6343
2150
6228
1159
5736
 488
5459
2356
2144
6121
2749
3718
3139
4068
1164
3705
6837
1574
4056
6631
3114
5891
6047
6008
6416
2337
 511
1866
6054
2204
1881
2523
4825
3143
 303
6470
4408
2956
 669
 264
6542
1600
 372
1080
3423
4630
4820
5107
5694
 581
5349
1456
5315
5563
2368
 902
4338
3873
4984
1618
6813
3697
 527
4617
4673
5871
1376
 909
1728
2313
3065
5189
2506
1088
6585
5065
5222
2646
4192
3196
4586
 374
2662
1062
5865
2677
6282
1946
4124
4849
5039
6614
5504
 629
 601
3584
6200
 801
1789
6749
6198
5731
 424
6010
4429
5198
5912
3160
2833
2208
3122
4175
1737
3096
3899
3518
 308
4095
3121
5253
1272
3078
 654
2122
1894
1137
4463
6140
3246
4501
3913
2957
3014
4142
6031
5106
3056
4527
 306
 414
4783
 711
6458
5174
3610
6447
4449
 864
6215
1185
6497
3284
6896
6623
 936
5409
4146
6053
1727
5279
3145
4643
2442
2231
4505
2192
1537
4109
4221
6186
1701
5947
1924
5153
4074
4041
3574
5696
2641
4566
1251
2736
2623
1379
3438
 107
5952
 207
3833
 972
2949
5243
1158
 994
4010
3995
4516
4244
4559
2135
5730
4482
 736
1748
3505
6211
2690
2173
 645
6667
5029
4951
4177
6173
 254
2279
6076
1993
4786
3611
6709
5604
3752
2846
6424
5646
6348
3216
 370
4255
1046
 422
6040
3058
5900
2577
1581
4810
2567
2765
5703
4676
3800
4725
5363
1068
3483
5252
5668
 659
2759
4975
6161
5976
 526
4410
3059
2908
6171
1941
 875
1281
5197
 156
2781
 996
 926
4435
4674
3799
1450
 453
4512
4036
4771
 626
3829
 819
6931
3472
1823
6920
 774
4250
 351
4761
1838
 945
 871
1902
5347
4993
1184
2415
2808
4057
6764
6912
5439
4312
6983
1805
4381
3996
3871
1528
3896
6400
5441
2649
6253
 101
2545
5771
5501
6449
6539
4423
1767
6123
  62
2761
2480
3560
1089
 273
3736
4193
3568
2881
1583
1348
4355
5248
5345
1017
1711
2712
6958
6230
5336
3817
6690
6558
6002
1672
5130
 274
1246
6453
5884
 612
 592
1322
4635
 548
5656
5861
2429
6077
 438
2335
2660
3067
2517
1786
4823
3251
1811
4489
3442
5275
5869
1135
3652
6055
4191
4400
4371
1436
5713
5674
6640
3738
2669
1447
 907
1148
3641
6576
2220
5630
6340
 565
3886
4166
5958
1418
2832
1831
4077
6512
4145
  36
6362
1687
2410
2323
 955
3691
1614
5838
3384
4819
4314
4426
2817
2604
5239
6607
1704
5521
4709
3399
4044
1921
1238
1742
6349
6351
5214
4838
3436
 823
3766
2974
 989
3564
2526
 594
2492
5210
3580
5018
1606
3005
4550
1640
1624
  28
5592
3618
 692
6523
1076
1290
5464
5596
1147
3232
3952
3787
6603
 165
1800
2764
4655
6220
2726
5688
2762
4464
2114
5909
1367
6821
 475
6694
3990
 978
4949
1743
4539
 712
5984
2005
3884
6032
 360
3816
1476
3965
2782
1223
2973
 549
 900
3561
  23
1228
1511
2292
1043
4007
5094
1082
 405
 559
 503
5852
1870
2794
3007
5776
6929
1458
5131
3159
5681
5843
5522
1336
4691
4976
2548
6247
2699
1213
 661
3147
2818
 355
1661
5665
3702
5908
 291
5542
4209
1169
3048
1020
3425
4066
3569
4492
3208
2483
6013
5935
3135
 118
6179
4610
4111
3517
4946
6742
3493
  37
5989
1885
4360
1317
4796
3973
3259
6311
2074
2330
6477
1265
1670
3119
2259
1457
6422
6565
1586
6890
 346
2520
6090
6307
3285
  61
1237
3194
2347
3893
4637
5819
3656
4962
1073
5002
3242
 471
6476
4883
4439
 639
6365
3358
1427
6889
5184
5676
 446
6122
5820
2865
1898
1285
2369
4657
 688
6922
 998
5293
1028
4891
 289
5794
  64
1044
3510
2284
1294
4570
2274
6828
 832
4042
3343
3006
4063
4779
6691
2980
2010
5780
3051
1573
4858
1097
 224
6482
5768
6570
2906
4054
5525
 894
4302
3362
5166
2877
3188
6513
4083
2784
1192
1165
2044
6552
5580
2806
2199
6423
3895
3783
5946
2871
6803
  65
 279
6446
6562
1407
5052
4658
6676
5541
6739
2488
 123
 836
2417
2870
5227
2034
6873
5748
4313
3502
 908
3383
 288
3511
2020
 566
2233
2645
2092
3178
6868
3199
4110
3927
3124
3043
3921
6370
6170
6472
6498
6842
2510
6746
3137
5098
2854
6967
3174
 393
2146
 311
3366
 825
6251
6794
3386
3909
4283
6468
4334
5472
5377
5473
1905
1304
5997
2228
5637
  59
  13
 479
4982
1102
3013
4099
4519
 539
6481
6172
3830
1703
1730
5392
 844
1809
3550
6410
6898
6091
5010
6678
4924
 510
1858
 281
1207
1852
 830
4728
 154
3376
3556
5019
2217
3920
5154
2194
2475
5378
 906
6743
5689
5895
1901
1059
2419
 342
3771
4329
4401
6965
4952
4113
4061
6666
2894
6677
 837
5569
4198
3553
2730
6902
5014
4416
6629
4814
 941
 486
   2
4365
2343
5247
1239
5790
2895
6275
3717
4393
   0
1645
3171
1293
5805
2013
2788
1269
2436
4589
1019
3120
 846
5643
6847
 882
4071
2899
1488
5011
 221
 186
6946
6068
5412
4775
4367
4406
1591
 841
 826
1817
2364
4208
4677
6318
4275
2967
1271
 724
 349
5784
4391
5809
4888
5390
3086
5699
5870
4719
3547
1345
1634
1781
5413
5046
4000
1217
4752
5291
2707
6322
3342
5650
1018
3759
2083
2386
3815
4678
1451
6853
 857
1625
2295
 237
 336
 866
5515
 369
1497
6262
4898
6851
1976
1761
2163
 140
6944
4534
 808
 917
3030
 451
6975
 920
2799
1386
5219
6507
3303
4863
6906
6651
6805
4148
2657
5549
2631
6580
4078
3081
3521
2297
5319
4919
4937
5121
 285
3878
5905
6304
1608
3587
3926
6284
4596
4358
4536
5640
6286
6790
1419
6382
1919
3063
5111
6911
1863
5918
2620
3294
3136
5707
1162
 490
4995
3714
3681
3551
4829
2373
6323
5030
 613
4965
5938
5584
1298
 697
3763
5519
 152
 997
4115
1434
 457
6235
6727
5309
2351
2768
2849
5545
4611
4298
6075
1211
2525
1519
1310
5468
6689
1526
2745
6500
2375
4510
4852
1234
5941
1249
4269
 125
 931
 693
6377
3039
5720
 727
 513
4205
5497
6287
1676
6327
2821
5120
 660
5787
2561
3699
5847
 614
1429
 474
 361
5695
 966
6744
6964
5550
2563
5625
2574
3200
 760
6116
3824
3345
6315
1398
6312
3414
5700
1641
6152
1778
4529
1306
3091
6752
2984
1923
3950
5764
1057
3331
6707
3557
3190
6104
6427
3805
1344
4917
2615
4799
1657
1127
3770
3785
 241
6620
6332
2239
5308
 546
1839
6760
4824
2444
1538
 515
1536
2249
2879
5452
3888
3836
4528
1815
5021
5009
 514
2991
6131
5715
3538
3509
5733
6953
3947
1033
6182
4964
4801
1179
1083
3426
6059
2482
 149
 521
 478
3097
5888
4374
 492
6324
5217
6716
1050
6660
1123
5148
1296
1763
2714
5856
6714
2361
1342
2085
1784
1855
6493
 827
5292
2404
2950
3254
6093
2250
4696
4173
6237
1442
6404
5581
6935
4978
4018
3588
5109
4390
4080
3979
 250
3937
5192
6118
2800
4875
3554
6413
 812
5382
1374
1149
5648
4228
3100
2251
5035
4805
6948
 157
1916
5834
5797
5635
6717
2255
1856
5578
2886
 666
5828
6858
1510
6085
1592
5552
2316
4515
6415
3855
5071
3418
4958
4154
3393
1693
5911
4086
3261
6741
6022
6139
1593
2103
5264
6203
1460
1390
6046
 938
5087
1338
3095
3306
4581
6158
4104
1627
 164
6788
3885
2458
5236
1541
4667
4308
 102
2650
2758
  47
3780
1372
3327
1105
5177
2640
6295
2988
3318
1751
4926
 981
4347
1240
4291
5710
3068
 127
3044
3157
 524
6145
2237
6339
6584
1002
2588
1170
4155
 295
4454
6887
3719
   1
1482
1203
1359
6593
6115
5528
5385
4942
5103
3490
 627
4076
4869
2454
3144
5749
4157
4247
 980
6702
2362
6885
2218
 153
2560
 545
5461
4551
4770
4981
1150
3740
  18
6455
4599
2395
2162
4518
2589
6971
2246
1487
4606
 396
2016
4750
5025
5093
4307
3628
 664
 173
3526
2123
6114
5789
6715
4480
1796
4700
 347
1803
3583
3018
3415
3421
4861
1384
3316
2700
4541
2139
1096
1954
3839
5898
3808
2155
2485
6259
2235
6207
 655
2672
1267
3207
5415
5457
2963
3101
1928
2702
3378
6344
 388
6221
1064
6844
4723
6107
1467
1935
4860
6302
6860
2718
5489
5038
1659
3918
2113
5138
1512
1750
5690
4362
3932
4504
3379
2550
6391
2786
6244
 611
2281
5664
1279
3917
4572
2945
4865
4563
1961
5812
6871
6897
6569
4370
6084
3506
 184
3875
5470
4138
3138
 795
 331
3052
5607
2810
1611
 467
  69
 872
2995
2639
1794
2230
6431
2816
 725
6208
 275
3571
1099
6598
5135
6712
2089
3823
5485
5878
5266
3945
4927
6188
1792
6298
2766
2495
4763
 112
5085
2929
6891
3471
 946
5328
4278
3150
4748
2238
2676
 413
6119
 145
 794
2637
5602
6419
2385
1555
 378
3256
 246
 999
6604
2787
4767
4031
6976
6643
4447
6519
3912
2869
1895
 435
1110
1248
4764
4152
3835
1888
2407
2476
1277
 807
5628
 970
4201
5225
 937
1209
2531
4848
6786
6608
3263
2554
2341
2598
 481
5142
3495
4868
3431
3281
 670
 735
5438
3544
2434
1273
4094
4544
2405
6003
2772
5465
4815
2844
2687
 499
4870
1584
4879
 828
1848
2115
6462
1070
3737
1569
3186
6657
5585
6884
3630
4293
  52
2771
3548
4021
5492
5775
1284
6418
3016
3863
5251
 385
1906
5732
1862
 609
4417
2770
4710
 128
4002
 538
3356
3397
3941
6212
6363
2990
2232
1719
4286
6210
6333
6622
3903
1115
6856
5718
6331
6725
6051
2180
 106
 151
6745
6488
5354
1725
3726
1911
6963
1764
 768
5282
6533
6537
3537
1388
4890
 148
6750
4486
3592
1710
1684
2201
4331
4128
6438
3753
2668
1731
4167
4051
 196
4437
5233
4737
4730
1766
1416
 343
 456
6653
2169
 228
 141
5588
5176
2166
3446
6529
  43
2241
3668
6557
5302
2412
1741
 593
3764
5118
4052
2099
6850
5007
3332
5041
2767
1879
4082
3706
2397
3463
4573
1206
6587
2157
2254
6827
4120
5323
  30
1393
1455
1981
3751
5746
3795
4055
4619
1256
3539
5977
6773
3112
3432
2847
2462
6648
4246
1506
5543
5929
1499
 676
 421
3540
4894
  92
3901
5734
3558
3662
4605
2986
2191
5601
6177
 508
5553
4097
6919
3543
2277
 321
1774
6313
4636
5818
  78
6236
1299
5544
4983
6874
5050
3844
2891
6364
4364
4714
3653
2258
2453
5437
4818
1757
4012
 964
4853
2644
5454
2823
5061
3375
3287
4908
3698
6586
 282
 373
3720
3703
4508
6881
 719
5481
2811
2855
2466
1688
6517
3021
 384
3508
1432
2541
4389
1305
5494
3460
3465
5453
4179
4339
2584
2441
6544
2496
 468
2304
3458
6080
4216
 345
1700
5978
1120
 203
6836
4741
1521
 233
  93
2625
6726
 428
  94
2686
 769
4722
6372
4624
6894
 434
2129
5609
3520
5110
1131
2746
1814
3545
3581
6713
4901
3184
6490
5612
2000
3757
1315
2387
  89
3535
4343
2709
6485
2298
2049
3811
 737
 959
5297
5399
5348
5182
2575
 630
1962
2133
 390
6373
5854
5682
6814
2970
6612
2170
5350
2689
 300
4695
4404
5047
4323
1383
5269
2608
 747
4273
6524
4105
 919
2547
2011
1968
5530
2538
6769
2809
2532
4363
2688
3602
 700
2557
4122
4375
4994
6129
3347
1411
5317
3739
2355
6194
3677
2913
4440
 887
3754
2028
5143
6680
5788
 942
3589
3031
2018
5769
 944
2090
 540
6004
4782
5795
6387
6317
2219
5538
6417
 799
5974
 402
3891
6005
6674
 530
3570
1302
4150
1797
 362
6044
5742
 715
2989
5678
2609
 309
6789
 150
1845
6669
5840
4590
3955
3182
3192
 192
2272
1449
2071
2678
2058
5574
1628
5245
1122
1381
3336
 100
2802
3971
2140
4194
1205
3925
6609
3931
1312
3664
 376
  31
2379
1275
1016
6278
4568
2499
1603
2798
3478
6936
 617
4720
5417
1874
6288
1818
6957
5280
1987
2901
1826
5972
3622
5851
6224
4871
 110
 881
5388
4974
2210
 411
3573
 496
6768
6359
 878
1691
3768
4607
 251
1508
1994
 849
5590
 202
4330
6600
6730
6761
6812
4640
 114
2841
1382
