  34
 347
6487
5367
 139
6096
 922
7451
1605
7584
 476
5879
5113
1674
7102
5189
5364
 617
1608
4395
2693
4361
1654
4114
1857
6198
4129
3847
5901
6592
1883
1307
5951
2193
6388
5151
5369
1452
5338
1864
6418
 837
6426
2497
4425
1038
4924
 630
3377
3408
2712
1260
6392
3634
5081
 165
 759
3550
4745
5273
4039
3410
2992
 725
5998
1229
7270
5053
2037
5517
4792
2593
5512
6485
4359
4366
1812
2410
5524
4636
1898
3150
2924
4187
4785
1178
1132
1204
4277
4264
 229
6621
1802
  19
5944
3972
2374
 417
6557
2667
2778
2886
5360
3866
1765
1025
1537
3327
2292
7210
3109
5093
4421
2052
7698
6098
 283
 225
3472
3755
6229
 871
 539
1226
2615
 679
2664
6066
1329
4820
 793
 753
3549
2443
4008
5393
7652
 463
7039
2946
4874
3400
6132
1288
6587
 749
7111
4698
3656
5012
2062
2908
1262
3982
4268
6719
1232
 627
 235
7596
6365
6880
5098
 166
4701
4925
 970
6026
1256
1964
 233
  25
2816
6430
5028
7292
  71
2003
5193
1315
7600
6864
2979
 354
5663
6807
4692
1750
 901
 440
1246
1424
3245
5606
2272
3820
3114
 606
1007
2466
6128
1863
5724
 966
5640
5616
1960
 499
2505
4682
1721
7456
4974
 387
1073
5853
6754
7424
1268
6362
3643
6712
6976
  61
4190
3538
5365
4984
4616
5682
1942
  88
7138
1355
1649
1776
6907
5961
1490
1336
7264
 142
 889
3339
5854
3587
6984
4373
1165
7691
4839
3778
6659
4257
2819
1193
6682
5357
5516
 131
2413
2748
3014
1400
4281
 281
2116
2743
5896
7214
3303
6490
2956
6859
2267
2215
2614
4531
4959
6429
7048
3213
 277
5876
3047
 383
4857
 498
2730
2170
7074
3519
4668
3640
7043
6763
4043
2189
6043
7509
1489
5118
2129
5983
5378
6105
6523
5933
 841
3753
 843
 423
6174
5987
1015
7375
1216
6979
6383
3202
2175
3535
4033
1607
3651
4096
2179
3910
4944
6849
4431
 487
4405
6277
7166
3977
2637
6113
4723
7248
7025
3056
1852
  84
5748
 595
6139
1444
6138
7120
7658
3108
 647
1236
1701
2798
6606
5988
6996
5963
  48
3435
3761
7447
 445
1450
4365
 535
2151
1383
4718
3697
2483
3921
4607
6745
3484
7351
5964
6384
2525
1969
6507
3188
7344
6857
1172
6993
 433
7215
6402
5003
3275
 425
 405
1026
4166
1653
5058
5898
1874
6871
5802
6391
4024
6042
3231
7258
6122
7570
1815
1702
6207
4346
4482
1999
3974
 509
1644
7414
3372
6784
2753
1365
1730
7411
5868
5343
1020
6699
2039
2036
4011
 620
2083
4390
2548
2588
2169
5428
 683
3591
1810
6918
2340
5099
2105
 206
3351
7524
 512
3124
4052
 396
 103
 319
3904
4714
 670
7057
 949
2827
 756
7266
3219
7186
4758
7256
5885
3888
4931
7707
3976
7610
1309
2737
2464
 163
 196
1413
4873
3201
5473
4378
7695
4775
7164
6599
2213
3222
3914
2573
5203
1081
3412
6562
1416
  67
1476
1402
6239
2491
6560
5704
6483
7068
5569
3945
 643
5329
1881
7251
4202
4352
4318
3782
1198
2953
2048
2636
5105
3238
 454
5311
5038
2358
2481
5307
4641
4706
1160
2767
1173
4303
1862
3701
2789
5096
4656
4713
6084
1080
 346
6228
1442
1958
6023
3821
 230
3325
  14
1104
4473
6159
1372
3362
4255
4631
5922
6232
4676
2273
3224
5773
7710
5501
 333
4672
2801
4797
2050
4038
3196
6802
5242
 192
 803
2416
4856
  73
1046
3563
5161
7363
6528
6136
6243
1465
5396
7372
3125
2576
4806
6853
5984
4336
1237
6504
3334
3837
3247
4805
2875
2125
4054
6594
 211
1657
6448
1690
5044
3246
6193
3483
5453
6636
1995
1917
5828
2141
7685
5141
3859
3824
5463
6219
2019
7082
7648
6236
5300
5999
4340
 741
5787
1763
 601
1449
1512
6564
2455
6318
  92
  54
4459
5185
3263
6843
7088
3742
5530
6902
1821
1337
6350
3594
3250
4559
7503
3429
2761
 339
3596
 231
 778
7109
 787
3082
4621
1124
6828
4015
 252
4885
2884
3690
2978
3915
5715
1585
3625
5439
5301
2150
5391
2113
3205
5915
2404
3999
7479
5717
1464
2122
6566
1491
1090
5900
 101
4515
6308
2757
6102
2747
1591
6928
 907
2622
3030
3627
7531
3452
2649
 607
3137
7528
3297
7399
3393
 435
 519
2157
3580
4078
 391
1592
6171
3173
1227
2346
 583
3023
4383
5831
3499
3346
1914
1792
3405
6798
 238
4952
7356
1667
7075
6108
 432
7044
7029
6292
3448
4596
3431
 972
4941
5541
1906
  30
1617
6312
6151
5866
1276
6541
1794
2961
4313
4547
1071
6937
 955
5756
1292
3453
3713
3736
4711
  69
4862
3269
2359
5697
6815
4386
6516
 635
 746
5449
3364
1473
2015
4528
3426
1373
6028
 143
 330
2233
2496
7638
7144
4940
7308
2741
4226
4004
4475
 266
4570
4671
3526
2411
2878
4579
6591
4456
6960
5383
7388
2210
1032
5088
 528
6653
 661
4928
2877
6422
 669
1456
3638
2162
1583
7230
1949
3691
6617
3676
3321
7345
5912
4823
3146
2448
4942
2216
5339
5548
7668
6827
2634
5609
1145
 664
2720
6678
 551
2057
3223
3383
 727
3745
3176
7578
3932
6359
3025
2584
4754
3256
4625
 824
 899
1186
 430
2028
4256
4808
4614
5461
 287
5617
3622
2880
6020
3630
2565
2130
7654
1710
4088
7382
6183
7612
3515
4560
7475
3215
2472
6323
2567
5236
7261
1233
6810
 490
3149
6085
5929
6583
3388
5427
4304
6765
4201
7574
7703
2071
5927
5953
4460
4177
3473
6479
6406
6082
4441
2850
5665
4134
6517
5241
3522
6289
1554
2385
6501
2341
4763
6965
2265
1530
 415
 721
7689
5889
5693
1235
1524
1742
6417
1430
3618
3376
3251
4438
5370
7306
 766
2145
7336
2763
2056
6556
6306
3934
4998
6309
 839
1611
6612
7406
2490
3581
2274
5718
2187
1306
6693
2352
5293
7500
7676
5190
3726
5071
3897
3996
6675
 257
 141
6279
5243
7086
5416
7553
5666
2876
3324
2211
4927
3848
4716
6655
7354
5960
5684
4182
2964
3503
4189
 791
4900
1443
1895
7342
2724
4451
4042
1014
 582
6585
 918
4988
2888
7634
1564
3908
2783
1872
5603
2224
5349
7307
5226
4762
5175
5376
2861
2342
4707
3852
  11
 474
 332
4128
5686
3529
4324
 186
3365
1294
3520
3148
3118
2846
3175
2339
2104
2510
4549
 815
5745
1759
4737
6732
7165
5101
4522
2708
4249
3912
5989
2302
5624
 271
7269
3907
5173
2042
6561
2566
1224
6281
4992
6458
 919
5668
5087
6468
7240
5100
4445
3953
3113
5077
3234
 451
1502
 626
2299
5497
4525
5789
7463
7008
6906
 102
2559
4852
4589
3508
2439
1735
6545
1985
1393
1458
5980
6803
3991
4163
5468
3785
1301
5631
 621
2818
2907
2486
6449
3523
4708
5210
7364
 615
7544
1934
1939
1271
2087
2707
5078
4379
1631
1370
2950
2112
2855
3354
 237
 855
1714
6126
4967
1187
5504
3706
5608
7291
6687
1107
4782
 317
2542
 217
3151
6596
5940
3805
1684
4334
1772
2436
6713
 197
5109
3561
1839
2324
2695
4160
2462
3621
4977
1082
7237
 720
2085
4860
7010
6007
3206
2473
5401
6162
4657
1991
3071
6985
4728
 400
 891
3806
2841
6534
1830
2006
2247
7129
  91
 506
 224
5931
3748
2812
 794
4591
2156
 191
3075
 728
 118
1923
3291
3965
3608
3652
1300
1856
2311
6325
 508
4647
2231
1532
2833
5758
6349
1910
1793
2909
4535
  22
 245
3987
4063
2633
7498
2366
3858
1695
3466
2948
 913
4520
7541
2093
6271
 993
3311
5063
2107
6598
6123
2438
7619
5891
5115
7112
2040
 853
2275
7642
5823
2862
2607
2773
3883
6221
3752
2692
4150
6769
2454
1732
6634
 418
3396
2661
3432
4211
2952
4041
5634
  86
6715
6966
7096
4990
2469
1853
6076
3221
2920
 452
3344
2471
5359
2785
7080
7175
1185
1896
3775
1798
1322
 121
6291
 809
4561
1196
3544
3557
5085
4858
2995
7453
1230
1109
1688
1341
5270
4025
3395
5400
4837
3573
7445
6840
 657
7054
1753
1615
6038
5706
6931
6804
6544
2001
7031
6156
1470
1200
5678
7152
1354
1755
2243
6022
3797
3670
5070
2726
2041
4426
 373
3817
5968
6714
2859
1884
6195
3098
2310
2442
7247
2405
3069
3204
5544
3048
4186
4811
3003
6630
6456
1279
1596
 389
3926
1993
6554
1640
4214
1522
5788
6986
2412
5382
2477
6268
4699
 371
 523
2228
6345
1426
5254
 289
3992
6246
3924
1070
6346
 861
   0
 730
7064
 636
1826
 250
6130
2020
2654
1251
6574
 447
5228
 516
7030
3925
 402
3038
2229
5696
1944
6319
3825
3244
5585
3994
7170
 898
1647
6908
7714
3016
4889
4175
3572
2866
 723
4566
5856
2836
1048
1893
 896
1427
5277
5846
2250
3698
5750
4750
6855
7055
3053
4332
 939
3152
3869
3777
3629
2186
1927
5605
3984
4000
5936
5513
3013
6453
2598
 754
 477
5195
4435
2266
6121
5447
5204
5047
1213
5670
1133
2935
 717
7245
4371
5240
2383
3447
 204
5029
1274
4638
4725
7454
5811
4391
2912
6267
4132
5332
 865
5939
6819
 594
 154
 106
5878
2892
5672
7646
6614
3770
2278
5350
4500
5574
1031
5434
3760
5775
 958
3727
5225
5034
4958
 703
4721
2665
6334
4287
5807
5180
6877
7511
5199
2521
2913
2004
4628
2236
3879
6451
1091
 608
5545
2133
4344
4122
6492
3165
6200
6672
2421
2312
3890
4864
7671
6013
 940
7512
 104
4743
3384
3189
2903
4704
7053
6801
6925
1610
3041
5546
7047
4506
6711
2574
5630
1110
4234
7401
7100
5065
7625
3258
1542
3546
 462
4882
2897
4148
 995
5712
1406
2711
2424
3341
2202
4339
1584
4369
1362
6624
 263
4627
6796
5612
  29
 449
 994
2393
6923
3704
1979
6304
 558
1825
7147
2668
5168
1566
7468
7233
2642
6768
5437
6427
2553
 215
1756
2270
4428
 623
 945
2094
4113
 821
2286
1571
7434
5059
4130
7173
4777
 113
5015
 651
3960
3242
 892
 377
3633
4298
5561
6284
2123
 178
2280
 745
2618
4740
6776
4845
1929
7594
 276
5069
5057
2677
5652
1495
 731
2437
1570
3414
4802
7644
4031
6977
5648
5726
7229
5138
3352
6789
5244
4320
1013
5650
1009
2738
 326
5537
3068
5451
2226
1683
4810
1234
6029
4184
3802
1819
 569
5579
1006
7169
1280
6205
2503
 265
5860
4732
2739
6436
7653
7595
7497
3917
6951
2296
7402
7657
2670
2989
7231
 226
4053
6900
6733
1210
3378
3738
7227
6964
6090
6056
6689
1480
7501
2719
5358
2533
2840
3333
4144
7394
5302
4192
5525
 436
3513
4800
3117
4586
 275
1626
6771
5445
7072
1474
 219
3949
 817
3155
  28
6727
1740
 710
2941
 589
 649
2354
5502
7119
5264
 193
3677
7529
3780
6380
7107
4798
1154
1977
2582
3406
5776
7478
4563
1155
 307
4878
2608
1534
2489
2754
4457
5082
2799
2536
7037
3612
1915
3331
7621
5385
3107
 176
 489
4760
 662
7191
3209
4013
3091
4731
5184
7425
4532
4533
7172
4315
7409
1240
1956
1012
6940
4724
 732
1054
6358
6844
5870
4252
3474
6125
5304
3477
 216
3719
7616
 744
2569
5798
1157
2834
4062
 910
3928
5006
4554
4416
4046
2805
1900
7628
2476
5754
6024
1050
 811
 356
5482
3696
6263
7674
1907
 340
1120
 660
1938
2509
2326
7095
2077
6079
 399
7280
 251
4681
6829
5419
5480
6437
2523
 285
6692
  21
5836
5687
1005
2709
 634
2492
1146
2009
4111
6786
 344
7154
5578
6227
5664
5887
2806
2134
4258
7177
5505
3829
5297
2760
5733
1156
2595
 127
7682
5237
4241
7590
4084
2396
1652
3746
1445
3978
2190
6961
3356
1984
4853
 830
 169
5215
2035
3814
5734
 410
3167
1069
6539
  87
2111
6374
4250
6916
 355
 431
2786
 350
5150
4314
5753
4764
5683
 115
3668
7282
4498
3657
5355
2609
 866
4101
6830
5611
1215
2235
5130
 322
 960
3558
6237
3277
7470
4603
6211
7059
1457
7220
4623
7629
4199
 450
 808
5979
 438
6248
1734
4464
6046
6578
6457
7639
2715
5676
4430
 268
1682
7312
1420
5384
1553
 328
1153
 532
5421
3476
3919
1493
2513
4605
7715
5559
5538
 622
6518
3952
 895
2304
6049
4626
3283
 999
6881
3260
 729
4224
5299
 765
4645
4117
3635
4574
1715
6083
5476
6408
1868
1846
1499
2045
7379
6161
1557
 411
1579
 561
4074
  41
7226
3718
1528
3749
4409
7421
1144
4943
2504
 797
1043
1035
3050
5596
2933
7467
5723
6632
7365
6866
2345
5120
3015
2357
5432
4070
6508
5002
3679
5187
7471
6316
 223
 314
6206
6011
5833
4385
7407
4337
3112
1162
5491
7042
 357
4854
2675
2364
5478
 543
1677
 108
2284
2099
2067
6551
2428
5767
5373
 119
3808
5340
7565
1829
1974
2330
 256
3986
6509
1835
2674
6190
 363
3006
3093
6088
3623
4434
 320
1940
3593
6956
1087
3911
1952
4049
3441
6878
4280
 984
2885
6185
1769
1041
7268
3975
6164
2506
2552
 674
1716
6356
7611
3192
4552
2955
 698
5470
6913
6910
5407
3322
2623
2268
2371
2984
2852
6178
1313
1805
2245
 117
  50
1223
4545
2027
3498
3391
2700
3766
1692
6526
1126
2742
2395
1697
6188
6633
3424
 642
4553
1840
 875
 167
3828
4295
1112
7694
3208
7395
2718
1706
2160
1574
5363
1800
4827
1106
6775
 125
4454
6048
 640
4354
5454
 544
 456
4980
6911
4138
4023
3659
5825
6215
7373
2698
6818
4067
 735
5074
4231
5484
 628
3532
6548
3070
6462
2945
 592
3662
3740
6584
7115
2705
6546
1981
2433
4712
4901
6226
6527
3854
5171
5740
1492
4217
5590
7686
2640
1529
5742
3131
4155
1192
6957
5591
2768
3438
1285
6242
3298
4519
5875
4068
2901
5581
3650
4387
5695
7539
2918
4593
 604
6690
6608
5459
1356
4686
 241
4966
5694
7106
5637
3799
3665
3207
2804
1344
7320
3181
4948
7333
 886
3816
7212
5780
 248
2010
6213
5035
7535
4312
3276
 504
4975
5256
4611
 904
3423
5862
 818
4484
7538
 434
2662
3980
4751
 665
2079
4220
4538
7699
 529
5837
5918
 862
4916
5460
2919
6930
5770
5817
7058
6220
7110
4470
6836
7569
7028
3756
6795
2981
1414
6294
1841
1317
3950
 408
3579
1525
5440
3314
5821
 902
1603
 179
5020
 776
 831
5812
 190
3838
7386
6018
2376
6355
3290
7559
5239
2716
5055
4469
7161
 890
6895
6428
3078
3116
4092
  99
2824
 293
4499
7542
2860
4776
3722
3072
2944
4770
 269
7602
5992
  15
1376
7322
6438
 834
5178
2949
6321
1113
2251
4098
1897
3160
1181
 990
6077
6342
7576
6867
3512
1560
4899
2208
6421
6721
3576
5897
2520
6987
 294
1916
 777
4229
3110
2644
1471
5252
4170
2377
5285
7283
1350
2895
2583
6938
5119
7060
1588
5347
6884
4353
6474
6848
2353
2392
5994
5216
7597
7309
7219
1813
5188
2809
1713
4819
 155
5729
1052
1249
7211
6373
2581
1922
7624
3017
6511
2817
6495
1152
2032
 585
 202
1030
 500
3518
 887
2294
1890
4483
2253
2790
5601
1263
 372
1689
2291
6572
6664
6366
5803
 975
1827
1366
1816
7349
5938
2258
6558
3161
6607
5851
1053
1779
2792
3005
4045
5435
1360
 988
4796
3853
6144
7560
3973
4377
1785
3347
6498
 401
 209
4973
6954
6298
2021
3307
2173
5146
6091
1955
5991
5320
7326
3487
5834
1518
5318
4935
7393
1099
3445
1378
6983
6852
3543
1754
3922
1118
 629
 928
 795
5337
1358
3864
5213
2011
6262
6180
 232
 618
7098
2333
4965
2478
6223
7494
5192
1289
6813
 557
2283
 345
3469
4079
5573
3232
 213
7555
2660
4768
6371
3134
1540
3144
3502
1407
 565
6191
 769
4329
1281
4262
2240
4945
4557
 327
5761
1691
2710
1551
 969
4635
3029
 152
5647
4583
1777
  57
5143
1346
5656
7131
1252
5908
4302
 906
 562
 768
 747
4112
5342
2450
  36
5768
3229
2166
 375
6491
4028
1332
6149
7179
1651
 677
3398
2939
5489
6945
6095
3064
6962
5368
4040
5604
5583
6856
  49
5117
2853
 828
2701
1962
3310
7239
 170
2201
4200
6209
3639
5985
7183
  53
4423
5562
6790
4417
6520
3374
1943
5514
 653
4604
6619
2651
7061
7136
5149
3080
 873
6550
4991
  40
5333
1766
 457
 168
6623
1321
2549
3790
7297
  65
5323
4597
4735
2295
6054
4644
4248
3296
3553
4279
2119
4183
2269
7121
3774
1136
 540
 685
3585
3602
4659
6783
 981
2571
1838
1784
6787
 107
 288
4471
3489
4321
3257
2419
6423
6734
4602
6370
6670
3812
3018
1788
  55
5521
5547
6532
2522
 259
1959
1539
4360
3521
4867
3462
  17
6199
2479
2613
6010
7176
2631
 987
7013
7526
4001
1550
 511
5760
6698
5976
6613
3937
1879
3562
 774
1665
4771
5646
1425
5779
 175
3598
6416
7510
4866
5196
5122
6301
5956
3927
5090
4548
2365
1347
4617
2629
5790
2996
7202
2086
7432
2102
7287
1831
5371
 409
2069
 838
 563
3062
2518
1643
1094
2244
6249
1261
3644
4787
 633
1889
4342
6990
7286
7163
6116
2016
4529
7181
2467
2599
2387
4330
2306
1398
1479
 321
3481
6914
4674
2988
1833
 427
1125
2539
5859
7670
1326
 858
4817
  97
1953
7325
6240
6478
1432
 220
3600
4326
7513
5852
2097
1273
6153
6540
1936
6909
4389
2745
5229
2260
2722
3741
4930
 253
3577
6862
7563
6041
6625
1670
2287
4951
3896
3336
7289
4149
3252
6409
3373
7709
5174
5731
4276
1559
4913
6467
 644
7649
1324
3440
2262
7410
  58
5575
 414
1017
5626
3455
6152
7000
3083
4077
1056
4206
6618
1646
1729
3889
6166
3836
5217
7650
5327
4468
4347
2456
5344
3547
3281
4550
1597
2963
7487
2043
3345
5536
7224
5685
5930
6286
2529
5374
1462
3807
2459
1594
6697
7493
4059
1758
7341
1459
  68
5533
1760
2423
4490
 428
6378
 986
7128
4893
5746
6622
5738
2751
4568
2527
3884
1696
2249
5111
5805
4719
2209
 801
2092
4660
3304
3539
6988
1298
 120
2543
 380
1310
7545
6389
3471
4246
5689
4622
5086
5008
6482
3190
2943
6442
 304
5786
2795
5806
7568
 965
6639
2409
 491
6354
1618
1908
7091
6778
 571
4536
6074
3731
6915
3012
2586
 586
7664
1875
4372
7108
1390
5021
6861
2449
3716
5996
5861
7158
7532
5253
2485
5799
7222
3478
4094
 693
6567
4615
7573
4821
4655
 701
5222
1641
1469
5910
1950
 185
1513
 272
7633
4859
6444
7681
7295
2335
4193
7577
5334
1257
 711
1972
7618
3603
4194
6189
1854
2344
6679
6280
3684
6363
6757
1576
6739
7476
5402
2776
4831
5791
7011
1095
6635
4293
2375
2161
6782
3620
3076
5181
6710
6432
7561
1114
7253
1658
4982
4842
2994
4791
7139
6542
4954
2678
2225
7040
7593
3744
 207
1638
2458
1097
6524
6521
6158
3306
2347
6794
4789
2452
5054
1028
5625
3786
 751
7145
2180
3536
6706
  47
2517
7099
1381
2893
6393
4909
4510
1685
7020
1811
1448
7271
2835
5864
3723
4759
1000
2658
2080
5116
7015
3610
2255
  18
4343
6667
7321
4474
3763
7506
3642
3839
7692
5280
2475
7281
5902
2254
4892
1455
5408
   4
3063
6493
6106
2910
5263
7323
1296
6134
4877
6127
2355
4341
2063
4297
1780
5274
1483
3678
5450
4228
3818
5808
7701
7637
4153
4073
6320
1051
5348
1037
3862
6879
2825
 262
2917
4667
6009
5692
5914
3909
4961
6874
 937
5871
5800
3971
2575
 392
1573
5607
4891
4537
 788
1814
7651
4102
5152
 208
3413
 556
2127
4110
3045
7204
2128
3178
4696
6695
2320
 566
7311
1021
1290
6581
5551
5892
6025
 799
2780
4286
7360
7588
2831
1461
5703
6860
1002
1600
6496
5061
7683
4014
 360
2508
7440
5592
3271
3305
3282
4881
4744
2369
 478
3717
3958
5842
7598
 921
 816
4694
7558
2507
1791
2544
4569
1655
 341
  10
5633
4540
6101
  78
 114
2143
5995
  27
7205
 951
3582
4109
3948
7185
6755
3810
1865
2680
 696
3715
3845
1723
2821
2865
 997
4964
3686
6820
6950
1572
1092
2947
1744
4245
1392
5395
 935
5673
1761
6676
3663
6970
5967
4412
3142
6897
 459
2732
7250
2192
6547
 146
6724
3371
7437
7589
3959
 527
7537
1429
1188
7378
5725
 743
3542
1966
6477
 310
5362
6644
7290
2688
 678
3480
4691
1807
1475
5975
5123
7206
3804
3870
6519
2349
2894
1787
6832
2457
2830
7093
5743
6361
 308
2313
4010
3687
 439
7137
1686
2756
7198
3332
3389
5972
5730
3433
2185
5223
 827
5950
1308
   5
2337
 150
5251
 134
4683
4100
 195
1089
4172
2976
3617
2305
3104
1478
 632
 437
2356
5735
5883
3801
6835
2597
2289
 708
7420
6538
1598
6891
1876
2534
1003
2149
5772
5904
6839
7702
5990
2808
 353
1764
5410
3289
 111
7276
5720
1411
4812
3170
 758
1741
 850
2986
6001
7257
2837
2480
4449
7551
2572
7385
6792
2787
1837
3963
7580
4322
 739
7298
 716
4652
 205
2121
6766
3197
1440
5543
1264
5137
4585
3416
2327
4422
1374
2550
 227
6589
1179
 770
3177
2797
6224
 398
5198
5298
2148
1340
4348
5759
7225
2205
5638
 881
6047
3800
5570
4005
 501
4016
7216
3765
3057
3754
3444
 123
3088
6497
1460
3212
2053
5466
7122
2316
1708
5191
2290
1795
3127
1516
1135
3340
 453
4846
1954
3387
4871
1636
 894
5958
3061
6160
7046
7260
6529
5250
7662
6276
2417
4283
2794
3501
3540
3689
1228
3463
3712
6169
6368
6287
1130
5777
5644
6147
2928
 162
4888
3348
2301
4600
6869
1808
5769
2248
7384
7190
1184
5017
7383
7065
2159
1323
 542
5615
3228
7090
5335
 680
4191
7371
1221
6419
6673
 574
3509
 578
5907
7293
3711
7017
2022
7387
1175
6445
3427
 849
2500
6973
3002
5801
4534
7491
4142
3507
4335
1363
1463
3793
1403
  94
 752
6559
1096
4663
5714
6772
 775
6225
1065
3496
1142
7708
2381
3456
5269
6403
5172
 260
3779
5014
3317
5279
5917
6637
6086
1352
4572
1590
3495
1419
6290
5973
 429
4219
1412
7151
5148
6750
1270
2314
4851
1928
4265
1316
5075
1057
6873
5097
2348
6817
7473
4875
6747
4584
6939
5050
6552
6603
7430
7089
6648
1023
 813
3939
4790
3367
1431
5294
2796
2930
2029
4085
4832
4370
1486
6709
6387
3688
5436
3065
5711
 676
4411
4066
7464
2380
5464
 407
3743
4502
 479
 505
3961
2666
6075
4994
4289
1919
4440
 395
5392
 959
5287
2782
5838
3815
 842
2114
3710
7452
5413
5306
 388
 126
5022
6868
6324
7486
5312
 726
2729
6100
1775
7238
5289
1305
7160
5027
1036
4629
 420
5636
6381
 181
4599
2090
2532
1121
3265
1269
2758
4288
1034
7180
2883
 455
6376
6259
 520
7449
6649
3906
5046
2991
7527
4639
1650
2427
5455
3248
7427
4487
4565
2098
4167
3355
7318
3342
5949
5844
2733
7012
4493
4492
4051
2844
1231
3721
2685
1151
7049
2560
 946
6854
6570
1963
3315
6372
6700
5563
4968
3028
4034
3422
6701
7101
 482
2171
5649
5763
 335
2446
7182
4902
6282
2332
1368
1191
2621
6168
7659
6705
1066
1397
4955
  23
3106
7398
6799
6890
5475
 950
1195
 221
6921
7140
7641
1743
 619
5793
2800
6499
7127
7519
4608
2066
4841
3210
 443
4204
1941
7472
5884
 690
1102
3595
3714
5498
6751
7359
 763
2626
5858
4613
7613
6822
2815
7155
 198
6078
 368
5140
6922
1578
3009
 781
2197
2191
3827
3902
1891
1527
1182
3035
7403
4399
2084
6671
1277
3565
 783
4267
 856
2731
5433
5284
2849
 564
5916
6652
 709
 944
3399
4573
6401
2214
2967
4294
1299
1011
5736
2078
4836
5699
1077
3121
4179
2200
5890
2147
1371
7135
5024
4119
6382
4198
7488
1208
2639
3301
5134
3955
3338
1582
1662
7317
1297
3195
 764
4466
2535
3199
2017
4976
 493
 700
5946
7063
5532
5826
3040
1399
2958
3835
5925
4345
4278
2646
2055
1141
  31
7050
6703
1892
1749
3218
 829
3560
1580
4879
 612
2904
3885
7272
 771
6577
1415
 593
7275
7696
6972
7315
4684
2336
5886
7436
3394
 133
4135
3169
1609
 367
7390
 159
 810
 258
 161
  74
2095
2482
6654
 188
1861
5165
7441
7640
 323
4044
2774
4055
7469
7339
7564
3280
4465
1687
 475
2970
6186
5257
6684
3568
4272
7125
1947
4489
1851
7661
1877
4147
3241
2551
1061
1348
1170
4904
3626
3849
7337
5157
3077
5398
1168
2851
 932
 386
6269
5796
4914
7279
1973
6480
 416
6131
3758
5819
3516
5169
2100
7499
7423
7604
5438
1678
 869
4251
5072
6140
2350
2136
 552
1302
1767
5394
6472
4915
5166
5818
 337
7254
1409
1982
1523
2655
2702
4133
3916
  51
1770
1101
2999
2034
3842
2612
5785
6865
2061
5947
 514
6202
3819
1659
2323
5698
4083
 686
2687
6717
2360
5492
7035
4767
5200
5194
6364
 299
  43
3437
5005
2321
1521
1128
3759
3636
6109
 194
3613
6441
 503
4197
 273
4953
4158
6447
4355
6434
6658
3191
2073
4715
3938
7515
7116
7288
 915
3353
1622
5774
7193
5752
4523
3551
3943
2898
6615
4479
5159
1076
3720
2031
3555
3273
5527
3831
3843
6296
2987
 502
4981
 282
4232
3052
3851
  44
3683
4521
1259
6666
6231
3123
2694
3488
3571
4741
 384
5207
2972
4375
4213
6060
7034
6394
5849
1472
6348
6278
2367
4397
1918
2977
1059
1704
7482
  33
2199
5328
7252
3666
6762
1878
 412
 466
 228
6883
4415
7117
5495
 917
7556
7184
7265
1220
5829
5387
1266
4612
 590
5667
1671
 359
2484
6553
 694
3673
2351
4350
 573
1044
3724
2030
1909
 772
6461
3877
5526
 587
4665
2204
3504
6941
7711
1926
3436
 684
4619
4358
2025
6460
6770
1239
 845
1219
6978
5507
3913
1822
 297
5589
3728
1707
   6
5739
3609
2772
5948
3641
3730
1871
 667
 531
3947
2611
6805
5033
6003
6640
2703
 480
6741
7614
5651
4606
4903
2545
3159
5554
3284
5518
6958
7329
4266
   7
1514
1349
 900
1544
5457
 270
4037
2172
4235
 507
1911
7167
4933
5296
5144
3105
6068
3886
 394
7081
2154
5233
 798
7300
1067
 982
  95
2444
7643
 748
2591
3584
1338
2033
2938
2082
5642
3294
5847
3739
3132
6465
4123
5924
5542
4677
3517
5869
3794
3335
6027
7586
6037
1111
7448
 733
3725
4414
7400
7001
4999
5797
2957
7520
6176
2406
1282
3392
2610
2921
1519
2725
3878
3044
6218
 160
3470
6347
4632
 302
4939
7113
2110
 639
 979
2164
4407
6744
 153
3225
6331
5628
3811
3184
7105
2461
 654
6466
7416
 695
3988
 689
 267
 568
4546
 525
2663
5245
5442
  82
5632
4610
4670
2871
1546
5079
5160
6265
1990
4394
2771
5331
1736
4351
1778
6313
5978
6955
6002
 530
6602
1222
5722
7620
6991
 782
6230
2829
4188
 611
5032
6845
5795
4673
4556
5762
 885
6821
4996
1712
6917
6390
6012
2856
7330
7352
6590
1693
7234
3411
 374
5479
5060
5620
2115
4920
3092
7343
3055
5386
5710
4413
4564
5657
2390
6452
4478
2750
2704
5197
6459
1612
2936
1477
2601
1242
6244
4595
5125
5839
5655
3420
5446
3855
5701
2596
2562
3096
7314
1202
2138
3964
3454
3122
7368
5315
2779
 183
4646
1656
 149
3860
4349
2530
7346
5880
3278
 992
5110
 419
2495
7412
7024
3287
1774
5840
 255
3997
6439
6809
5935
3524
7466
2890
 177
1858
6760
 510
7417
4582
4514
 859
3534
3337
   8
3425
 836
6680
4116
1509
4680
6400
5567
 840
1138
5286
2929
5182
5814
3404
2887
   3
7218
1410
3032
5377
4505
6398
2399
5275
3674
6947
 773
6601
2174
4895
6328
3386
 893
7690
4300
3675
1845
2922
3274
1408
7005
4216
2554
 844
4703
6665
  66
3126
7069
4076
6974
 603
4662
4769
2793
3194
4555
4634
6980
3979
6133
3467
 880
3941
6071
5066
2046
3962
2072
2647
3259
7027
5163
1166
  56
7444
3935
 924
5474
 174
6314
2227
 863
5267
5221
5103
3319
3892
7446
3773
6586
4578
1888
 989
1722
1291
3249
5039
2334
6258
1803
7645
6336
1190
3605
4702
7195
4813
6514
 704
1379
 912
3240
4643
6217
3655
 261
4829
4720
6303
1925
 996
 613
5084
5290
5266
3983
   2
6021
1164
 767
6657
1357
4658
1040
3784
  89
3951
4095
2460
4022
6963
3459
3326
7655
2721
5131
1589
3493
5571
2372
 145
2091
6352
6791
5721
6413
3528
1931
5126
1535
5677
2106
4269
3492
2874
4097
4162
 737
3751
2398
3198
6154
3216
 132
5409
1782
5004
 819
 908
5635
3128
5352
6743
3138
 980
6210
6124
1404
4103
3316
4207
5741
5091
5235
2401
6549
5705
3993
5305
3624
6816
5709
1666
3163
 406
3796
5417
3530
2606
 718
6297
2810
1189
1867
3090
2728
4637
1466
3898
 714
5629
6424
2847
5031
3217
6150
7567
6163
1319
6252
 650
3933
 755
4151
7077
5127
 835
2331
5909
7572
2764
2697
4007
5728
5595
5154
1567
4376
5375
 976
 158
5540
3664
4030
 555
5945
7443
3772
7415
2007
4592
4543
6576
1148
1632
1747
2426
2109
6377
6357
4530
4305
1084
2429
 909
4869
 240
 832
6707
3703
6035
3695
5056
3490
5577
2926
3193
 847
 968
 485
4171
 796
5465
2671
3214
3682
6503
5372
7355
5744
6959
1150
4757
 239
3559
6272
5415
7350
6405
6330
5845
1396
2993
 974
2969
2431
 872
4019
  32
4491
2158
7023
7348
2974
5558
2537
3705
4936
5467
 218
2288
5895
7019
5009
1663
 605
2014
6247
5529
5549
4146
1284
4746
5572
6087
4524
7085
1797
 524
2820
  76
 136
 254
7197
7328
6216
7188
7189
2453
2635
2059
 646
5366
5176
  13
 878
1147
5414
  90
3330
 242
4906
 515
4419
4960
3873
 934
7431
 467
6118
2388
6686
5403
2259
3995
1311
4512
5872
1047
2746
1739
6489
7073
7442
 109
4165
1072
1899
6203
5049
5472
3619
6274
2684
4843
4801
1511
1022
4738
5292
6870
2759
7066
6032
6443
1937
2699
4934
1375
2691
3826
5619
1823
2669
 736
1203
4620
 122
7104
7162
7067
4847
5747
 687
 249
 712
 905
3227
1140
1526
4516
2627
 870
 705
1045
7079
4126
1866
1436
5129
1386
2905
3039
6053
7146
2516
1085
1494
6337
3186
4501
4105
4368
6063
6173
5201
 404
4576
4755
7263
4380
5539
3734
1698
4137
5224
1880
4562
7697
2540
6093
1832
7316
 596
2881
3226
2373
2915
3833
5080
4195
2980
5584
6234
1752
 706
3037
3491
6045
 300
4124
1105
6683
1180
3254
2167
1781
3046
6476
2600
5582
3841
6141
3379
4462
6266
7362
6992
4159
7171
 760
5654
1238
6238
4238
5893
 290
7273
2194
3615
6208
2589
1737
1244
6254
 448
3011
1437
2803
2217
2656
1681
7582
4018
4108
4242
3329
3923
7525
4825
2257
1171
4949
2318
 658
5462
 879
 348
1998
4503
 579
6661
5443
3129
2617
7132
4048
3073
2706
4887
2319
2843
 484
1606
6506
5025
1345
2563
4650
 559
3457
3649
3049
5271
6643
3653
7159
7492
5913
2911
 692
3036
3680
6875
5351
6761
2407
4675
2653
3893
7429
7636
1243
1312
2735
5218
5326
4408
4640
1265
6253
5259
6367
2868
7413
1177
4870
4274
6876
2070
7484
5519
6385
2168
5552
7523
4539
2101
4838
2445
2832
4178
4236
 971
4089
4618
7196
5764
2494
2118
4688
7369
6052
 812
3255
3856
7435
3130
7153
4364
7592
3901
4481
2264
 393
2252
5153
5881
 930
2389
1905
1828
6081
4120
1008
3272
1029
4834
3158
7516
1441
5179
1859
1602
5971
6982
3588
 309
1912
2153
6764
5613
6597
4880
3089
6726
4398
6663
4872
1064
1817
4855
3182
  45
6420
6525
 882
1428
2013
1501
 247
  83
3203
7201
1648
7522
 316
7579
2620
 933
5487
5702
 833
1169
6058
5404
 442
7581
 852
6341
2828
3058
1063
6008
5643
 236
 403
6536
6953
5688
 130
6407
3403
6793
 458
5156
1987
 673
  63
2872
 602
6148
3791
4282
4157
1660
1809
5641
1552
4766
6896
6386
5310
1545
 549
5815
4106
6967
2414
3094
3586
6647
5674
4664
2005
2942
3026
5477
 588
6273
6033
5423
4143
2076
5494
4956
6307
6932
6299
1675
7014
5030
7700
1253
3358
4727
5681
2382
7347
7241
4436
1703
 572
 802
5083
7495
7380
6737
6593
4020
1720
5000
5966
4222
5520
1377
4156
 722
 426
1446
4653
7324
3119
3288
2686
5906
7706
2441
2889
7673
2096
3382
7397
4997
6736
3548
6055
1515
2163
3737
3312
2126
3261
 397
2932
2960
3164
 541
5108
1700
5848
5708
1818
7517
 734
6740
7051
 804
7705
4883
3145
5167
3285
2814
6311
1018
4509
1401
1847
1247
1587
7277
 413
6431
4072
1976
5325
4894
4690
6582
5534
3293
1625
7021
4082
3637
2603
5804
6656
5308
4897
2074
2515
3632
 625
3792
  79
1333
 681
7038
1894
6753
1645
3464
4987
 925
 464
5406
4923
5430
4316
6642
6797
2315
4306
1058
 591
 822
4848
3402
2689
1834
 173
4983
3590
3172
3857
4104
7693
2896
7518
2212
1487
6580
6463
6016
6197
7157
6837
2232
6433
3702
1183
1158
2026
3253
2997
5041
4729
5941
3990
5471
5928
2848
4911
4989
7603
3360
 637
7712
6092
6469
6943
5037
2196
3099
2402
7078
4396
1719
3370
1214
4642
1331
1771
7340
2592
3671
4932
6187
 381
3059
4328
1100
5106
6825
3343
5511
4495
7285
1074
3323
6611
3461
7450
2784
4849
6691
6250
 780
6952
1932
6530
4180
7458
3789
7679
6129
6473
 264
1320
2081
4761
7208
1601
7071
6450
6061
4921
6245
4003
1799
5506
6838
2018
3899
7554
7587
5959
2923
1568
4447
 655
1664
5208
2954
 390
5139
  98
7615
5145
7207
3359
6919
3086
1391
2931
3631
3375
3767
7439
3574
 962
1824
6833
6889
6946
3700
4588
1447
5920
1843
5485
2068
 138
7566
1498
1485
1536
2317
4830
6119
3033
2882
5064
4609
1361
7552
5388
 545
2526
7302
2538
3084
1783
1727
6812
2322
 597
1194
5390
4021
4064
2845
4309
5809
7296
 609
4693
5716
1634
4161
6565
1745
3442
1343
6255
6738
6942
3103
5246
 598
6927
 147
4367
7150
1849
7301
7026
5379
4749
5586
3589
 652
4047
3154
6892
6397
1709
3460
1679
 421
6610
4196
2579
2297
4410
1806
2857
1019
 128
3034
3309
6157
3616
4993
4804
5877
7305
1946
2307
1093
4429
  81
3295
4107
 157
 182
 313
2906
3043
1869
 715
7585
1505
3868
1451
3732
5550
4154
 713
3648
7419
5658
3989
4308
5316
2279
2555
3771
2188
5381
 385
7504
1303
7428
5336
 369
1639
2219
4850
 533
3606
5937
2990
6440
3200
2465
2672
6650
1933
7684
2914
4169
4651
6903
 953
4273
3363
7540
5923
6858
1422
6579
 536
 785
6327
 473
1948
4152
6235
1134
4263
1389
5661
3669
2966
4439
5594
1951
1083
1738
1272
3300
6641
4212
2386
2740
7680
3832
2277
1746
3179
 200
1384
4424
 486
1699
1957
4661
1167
5679
3067
1711
5493
6415
2557
2683
1563
5268
5483
 991
2282
4567
4050
4779
6555
 517
 295
1558
3781
7303
3956
6735
2203
3302
4325
4908
5675
2370
 521
3813
6322
7626
6758
1119
2514
7141
6360
7656
3328
4575
5500
7278
3407
2965
3385
6111
5112
3020
4844
 929
2501
2223
2713
1497
5576
3087
4259
3381
1199
6283
 553
4912
 967
3871
2012
5528
 789
2630
2690
2487
5411
 645
4121
3795
1500
6214
 846
4448
5405
2047
7483
7274
5452
3187
5737
5903
3156
2605
1968
3024
2498
7663
1901
6885
2727
4794
5354
 961
4601
4237
7094
4594
5062
 112
6505
5007
 576
 212
 750
  80
3010
6846
7687
7335
5206
7187
5602
2391
7533
 352
1619
 867
6571
4598
7622
3434
4863
6353
4876
5261
3505
3920
7405
 575
 884
 298
3143
5412
3929
2580
5265
2044
6620
3592
1581
2362
6806
5816
4833
  70
4919
5835
4803
1565
4517
 135
6464
 331
6935
 584
7647
3822
4587
1395
 234
 854
 296
3985
3485
7377
3233
2054
6788
  96
7062
1629
4427
2206
 956
4338
 547
6631
3361
1385
3417
2854
 581
4432
5456
4446
6850
1042
3243
1970
2556
2183
 537
4654
6412
6399
1786
 616
6767
4006
1117
1351
 985
3449
2246
4571
4087
3583
4938
1205
 548
5977
4323
6379
6708
6015
3694
3850
 641
2512
7630
3349
6194
5095
4726
3803
3660
 920
5873
1143
5857
1790
5272
4176
1197
5997
6704
3967
1561
2488
2723
6115
2643
5282
1510
6847
5969
3880
3735
1836
5555
7033
1212
2271
1517
 948
 757
 148
6005
6057
5810
5597
7003
6563
2285
7232
3140
6454
3458
  20
4136
3230
 311
1435
6722
2749
2397
6146
1705
4026
3531
6834
6006
7327
4666
7361
 860
5321
1623
4542
6975
5220
4986
5255
6062
5955
4404
5531
6332
3486
4748
 707
2000
 702
1694
4957
4815
5850
3286
6513
 214
6728
3139
 911
7087
5600
5043
7672
  35
5905
4558
5691
2870
3905
4221
2293
1555
7246
2682
1577
7353
4472
4233
3525
 659
1994
2422
 947
7259
7666
  52
6531
2300
 814
4285
5281
4756
 786
3022
2998
3788
2985
7083
7457
7358
2378
6000
  26
2329
7149
5827
7123
2734
 184
7156
1989
5778
 998
1287
 365
 805
5621
4215
5248
 897
2659
6968
3692
6696
3166
5314
1334
1103
3042
7367
6175
6050
3597
2973
3882
2418
 379
4513
6685
4244
6471
6742
6894
7477
 342
6893
2008
3239
1796
7313
 343
1367
6455
1327
 286
7536
6184
  85
6824
2325
3575
5346
3266
6924
2176
4773
2645
5076
6994
1482
1541
1049
2625
7209
6609
2103
 724
4185
7319
2425
2222
3809
3066
4239
6626
1001
7124
 868
2839
6073
1163
3031
6646
6800
2137
1848
7543
3514
3120
1902
1342
1531
2384
3443
2440
 110
2813
 820
2807
5566
3415
1039
 942
2766
5822
 546
2940
4099
4271
6543
5444
3757
5036
  16
1672
6014
4786
2276
4486
3946
1669
2971
7704
6395
2120
3390
2879
4947
5981
1016
 848
7396
6694
7334
2902
 675
7217
5932
1255
6720
3844
7571
2309
4705
7007
5001
4886
4624
1364
7547
 144
2982
6595
3601
7575
5867
5426
4910
3299
4388
1078
6645
5288
5303
3268
5660
4807
3007
2146
2524
 874
3468
1024
2564
7601
4458
5813
6831
6823
7213
6749
5040
 888
5707
4590
6051
1733
7404
 682
6777
4227
1920
5186
3895
5503
 469
3966
7607
 280
6936
6097
7114
2218
6333
1503
6502
4700
6410
5011
4781
5073
7052
1642
3699
3729
5653
7660
2775
1885
5510
1842
 807
1293
4795
3654
3863
7242
2676
7194
 784
4969
1438
1207
6512
4420
2755
4247
4518
4357
6475
 740
3569
 923
3658
7623
2899
6933
 916
2470
 648
1318
5830
1595
1614
1935
1484
5260
5128
5732
1996
 244
6537
1174
1359
1123
4381
6627
3450
3840
4710
6674
7591
4311
2361
3646
4203
2558
6099
2823
 315
7374
 424
6315
4809
5313
4918
1278
7331
6774
5934
4907
 567
4946
2308
7514
4477
4962
3936
7255
3162
6510
4733
4403
7461
2256
1921
4541
1004
5104
4208
 470
5486
3004
6515
3000
7332
7632
5942
6995
1330
6165
 671
5319
2474
2681
1548
 483
2657
6811
4406
6616
6264
6369
2968
6756
5781
6688
4526
7174
3133
5556
6651
5622
3097
3419
7422
6326
 164
6270
5782
7617
4450
1904
6533
2624
6826
4017
4453
6155
2541
5283
 762
1569
6177
5142
6898
2975
1804
6181
2281
2528
3482
5599
7294
2499
 460
3506
5258
4896
6192
 446
2220
2447
3823
1241
1127
2237
3085
6019
7284
1217
3313
1820
 550
3027
5219
1380
2628
4467
3021
1325
5114
6179
5045
6135
4090
5133
4418
4141
4209
 672
5755
2263
5623
3865
3708
4091
7502
3900
4442
7126
 137
7304
1599
4689
7391
2065
2368
1418
4061
3111
 926
4752
1630
1258
4075
2925
6137
 358
5048
1275
3762
6730
7583
5094
2752
 496
1211
6948
3570
2221
4788
2736
2927
4327
5496
1971
5771
4317
1718
4822
6110
6780
1433
1930
3861
3350
1508
3566
4799
5309
 599
2408
6142
7481
1115
1417
5610
4173
3554
7041
6494
7381
4292
3891
2195
 600
1988
 719
6201
5324
1504
6039
1621
3475
4310
5564
 826
 246
5425
 336
5874
4476
6089
3552
6196
2142
6004
5669
4218
2108
5957
3366
1295
5499
7605
4835
2181
1423
6396
6305
3881
7009
2493
5102
5026
 931
 444
5019
4926
2238
2570
 329
3511
6886
 560
6681
3776
4443
2714
3798
5784
5986
2140
1543
4551
3136
5855
3769
2182
1726
1206
6702
5523
3783
2765
5164
6143
2394
2594
 129
1668
4402
3567
1613
 876
1903
6668
7474
 823
6781
6167
1887
1870
 338
6899
3604
6944
4181
1434
1673
3279
  77
2863
5553
2842
3944
6779
2641
5954
5515
2811
  64
2577
4115
3830
1283
3439
4384
7609
2777
1454
7236
6064
2578
  24
5598
3957
3894
3001
1983
1586
1062
1913
3578
4284
1055
5424
3397
5469
5132
7200
1978
3685
4223
6999
6887
6568
4995
5894
6257
6425
6222
1488
 691
1075
1773
 779
6300
3308
1980
1468
 116
6752
5618
4009
2058
5399
 274
2770
5092
 172
 366
3510
5249
4254
6285
5353
5926
7366
1079
1556
3872
4772
 983
4331
 284
6261
2468
5843
6241
2051
4730
4971
 668
5247
 187
5970
3661
2602
4828
1520
1844
1394
 441
2679
 465
3846
1637
3270
4029
1369
 534
5361
6677
4290
7357
4363
4905
 903
1924
3095
2075
  59
4433
 792
7370
1860
1748
3750
7635
7713
5278
5238
 334
7677
2838
4452
1149
7310
6251
1209
5921
6404
1575
4086
 488
1728
2088
1159
6059
1161
1129
5018
2144
6814
6340
4814
4243
5899
7143
1116
2049
7376
2002
2916
6094
2230
5792
 306
7627
3981
4401
3235
3942
 610
2864
4225
1680
5121
 324
2891
2400
 303
5158
3834
4275
7338
  39
6256
4455
 631
2463
1286
4695
1481
4127
6339
6446
6030
5397
 171
4669
1267
1506
6338
5488
7669
5341
5431
2338
2502
5557
5965
5458
 364
3867
4826
6481
4985
7465
 203
2430
3267
2184
1507
 325
1762
2135
 189
4139
4963
3008
3628
7480
  62
4080
5719
5209
2451
6981
5645
2802
 624
4687
4816
1467
5124
4527
5757
5356
6969
2178
3768
3430
6044
3368
2650
  37
1547
6344
1633
 883
5013
1225
5974
3421
6759
4778
5211
 468
4824
2959
7018
1248
6660
 301
3940
4291
4205
4461
2298
1387
3237
5509
6731
 577
3930
5841
2239
6017
2696
4260
1304
5420
2547
1549
4818
3970
3607
7130
3074
 699
1176
5865
 538
7546
7408
6669
5659
4783
5276
3369
3100
6040
 278
 857
2519
2343
2652
2717
6343
4480
5481
2632
7675
 570
5587
1757
7606
1496
6920
7006
2546
1620
1965
  93
4697
3968
5016
3887
7045
6773
 180
4884
6212
 963
 140
 697
2198
1218
5627
1314
5662
6170
1453
 472
2434
4507
 522
4065
2822
6851
5214
 513
6067
7142
 977
3611
 943
6120
1886
6929
4333
7665
6971
5262
5291
1405
3874
4494
3747
 370
2415
4648
1661
5882
6863
4307
3764
7426
5911
6629
4922
 518
6522
  60
6628
2165
3135
6488
5135
5231
5680
5765
 362
6949
4002
7249
2363
5212
 494
6435
6746
1027
1439
6036
2511
4437
7092
2788
3401
7389
7490
4362
4485
 305
2638
4722
6998
3168
4032
5919
5713
2585
4633
3101
5422
 492
1882
2937
1088
6989
7496
3236
4765
1624
1676
3102
3357
5177
5155
5418
3672
2420
4036
5639
4496
 864
7507
4784
4780
4679
5690
5051
 156
1628
4027
5232
1060
3537
5136
7148
4972
6926
2673
7462
3969
6535
 349
4649
6329
1538
5820
2769
6411
1616
5089
 614
2131
3019
6662
7076
4168
1855
2826
5952
5183
4511
7489
7103
3954
3465
6031
 800
3183
3147
5067
4868
2648
1137
 422
2241
4488
 964
4742
2531
7168
4544
6302
3681
5448
6997
 292
6080
6070
3409
6588
6723
 941
 936
6841
1382
7667
5580
4581
4356
6288
4253
1068
7557
5490
3262
1033
4739
7688
7549
  72
 666
6295
4979
 851
6069
4970
5568
3180
5943
5824
2064
3707
6260
1717
2234
5322
4736
3998
4210
2132
1789
7084
5317
6104
 806
6145
2403
6882
 877
2155
7485
5863
6172
7418
2619
4734
2561
 318
 351
4261
 742
 312
1254
5227
 954
4069
1850
5345
1768
5832
4504
5042
7631
 957
1421
1961
3115
6575
6182
4580
7022
3318
5230
5441
5751
5389
5783
1139
7070
2024
1339
4508
 663
6934
6103
2242
6808
4392
4463
1975
4125
6335
7032
6204
6605
3918
6117
7056
4747
7459
6484
2568
3875
6729
5982
2435
1122
7599
3079
7534
6317
 580
3211
2139
3787
2177
 279
4057
5588
6573
4140
7235
3320
3060
7521
6034
7562
7243
2791
7097
4685
4131
 790
4793
3527
7455
6500
6785
3556
7221
4917
6638
3418
3157
  75
2379
 914
4174
5234
4056
3494
3174
4270
1986
6293
6600
 495
3545
4774
6351
7199
7508
7228
7460
1593
1997
3564
7118
6486
 738
3264
7550
7036
7133
5508
1098
 100
7002
3185
  46
6904
6569
3141
6912
2261
5749
5522
7530
2762
7192
3541
3709
 973
6107
4630
4012
4240
1335
 461
4861
4577
1328
3380
  42
3054
 927
5330
 376
  12
7004
4071
4393
6233
 938
6905
  38
2781
3614
4081
1751
7016
 638
4230
1945
5535
 481
 471
5565
4296
1086
4164
 243
4865
1010
1724
1801
5010
 978
4058
6414
6275
5727
 361
 151
7178
3051
7548
4753
   1
6872
2038
7203
1604
2124
3931
3533
 526
 952
6901
7505
2616
7134
7267
1108
3599
4937
5202
2117
5962
5205
 124
1245
1731
5560
1873
2152
 497
5671
4400
5794
3693
2858
1627
3667
4060
2604
6842
2303
6604
4898
5023
 382
2432
4319
3479
2873
3220
1725
2867
5380
 201
2869
7433
6065
2744
4678
7438
4382
7678
4717
5052
1201
6072
 656
4444
1250
3292
6375
4093
6114
 761
1562
6718
3497
 291
3645
5162
5766
2934
3876
4299
 554
   9
1131
 222
1353
5888
4118
2951
5107
6470
5593
2962
 105
2060
3647
1635
5614
4840
2207
5700
2089
2587
4301
5993
 210
3428
3451
6748
4978
1388
 199
2328
5170
7299
2983
5068
7223
1533
3733
5429
6310
7244
1992
1967
7608
7262
4145
 825
 688
6716
6112
4374
5295
3171
3446
4929
3153
4890
4709
4497
4950
2590
7392
 378
2023
3500
2900
4035
6725
3903
6888
3081
5147
